width,height,T,K,depth,epssqr,abserr,Theta0,Theta1,it all, t all, t gamma update, t gamma solve, t theta update, t theta solve, SPGQP it, SPGQP hessmult, SPGQP t all, SPGQP t project, SPGQP t matmult, SPGQP t dot, SPGQP t update, SPGQP t stepsize, SPGQP t fs, SPGQP t other, SPGQP fx, SPGQP fx_linear, SPGQP fx_quadratic, SPGQP_sum it, SPGQP_sum hessmult, SPGQP_sum t all, SPGQP_sum t project, SPGQP_sum t matmult, SPGQP_sum t dot, SPGQP_sum t update, SPGQP_sum t stepsize, SPGQP_sum t fs, SPGQP_sum t other, 
256,128,1000,2,0,1e-06,157980,0.5,0.51,1, 1.4574, 0.430456, 0.780095, 0.000400066, 0.000438929, 11, 12, 0.77917003631591797, 0.0030910968780517578, 0.032454013824462891, 0.0027830600738525391, 0.0028460025787353516, 0, 0.0043649673461914062, 0.73363089561462402, 119.15096824530953, 119.12663573985785, 24332505.451688118, 11, 12, 0.77917, 0.0630612, 0.548988, 0.0313709, 0.0740149, 1.0252e-05, 0.0596774, 0.00204754, 
256,128,1000,2,1,1e-05,157980,0.5,0.51,2, 2.06097, 0.772191, 0.873136, 0.000814915, 0.000858068, 1, 2, 0.091811180114746094, 0.0030188560485839844, 0.032588958740234375, 0.0028531551361083984, 0.0028491020202636719, 0, 0.0045831203460693359, 0.045917987823486328, 119.36996079415317, 119.12663573999313, 24332505.416004524, 12, 14, 0.870981, 0.0684071, 0.614548, 0.034224, 0.080749, 1.0252e-05, 0.0689921, 0.00405073, 
256,128,1000,2,2,0.0001,154991,0.5,0.51,3, 3.61481, 1.11169, 1.91707, 0.00145698, 0.00257111, 20, 21, 1.0425949096679688, 0.003070831298828125, 0.032454967498779297, 0.0027918815612792969, 0.0028469562530517578, 0, 0.0043270587921142578, 0.99710321426391602, 121.34556333562082, 119.33486043951982, 20107028.961010031, 32, 35, 1.91358, 0.132564, 1.29732, 0.0919683, 0.215305, 1.23978e-05, 0.170321, 0.00608897, 
256,128,1000,2,3,0.001,115358,0.5,0.51,4, 6.95969, 1.45171, 4.75208, 0.00192499, 0.002985, 55, 56, 2.8337318897247314, 0.0030210018157958984, 0.032406806945800781, 0.0028510093688964844, 0.0028460025787353516, 0, 0.0042529106140136719, 2.7883541584014893, 129.97506258696686, 126.03575893510956, 3939303.6518573109, 87, 91, 4.74731, 0.300839, 3.11469, 0.300574, 0.585389, 2.38419e-05, 0.437623, 0.00816536, 
256,128,1000,2,4,0.002,67776.2,0.5,0.51,5, 13.902, 1.80178, 11.1756, 0.00234604, 0.00340199, 126, 127, 6.4221088886260986, 0.0028469562530517578, 0.032449007034301758, 0.0027918815612792969, 0.0028440952301025391, 0, 0.0042779445648193359, 6.3768990039825439, 132.11979727903744, 129.86892119850802, 1125438.0402647259, 213, 218, 11.1694, 0.669797, 7.23641, 0.736977, 1.43309, 5.31673e-05, 1.08273, 0.0103552, 
256,128,1000,2,5,0.003,46450.4,0.5,0.51,6, 22.3044, 2.14258, 19.0682, 0.00275898, 0.00377011, 156, 157, 7.8913199901580811, 0.0027630329132080078, 0.032445192337036133, 0.0027799606323242188, 0.0028481483459472656, 0, 0.0042629241943359375, 7.8462207317352295, 132.87515253117425, 131.35311187162193, 507346.88651744218, 369, 375, 19.0607, 1.11969, 12.3324, 1.21452, 2.48256, 9.60827e-05, 1.89883, 0.0125911, 
256,128,1000,2,6,0.004,35890.1,0.5,0.51,7, 32.1047, 2.48589, 28.3558, 0.0032351, 0.00419211, 183, 184, 9.2866089344024658, 0.0027360916137695312, 0.032407999038696289, 0.0027909278869628906, 0.0028460025787353516, 0, 0.0044131278991699219, 9.2414147853851318, 133.25747333368309, 132.10460395582933, 288217.3444634389, 552, 559, 28.3473, 1.64297, 18.3047, 1.88463, 3.7139, 0.000150442, 2.78606, 0.0148909, 
256,128,1000,2,7,0.005,29649.7,0.5,0.51,8, 43.0162, 2.82805, 38.7562, 0.00364828, 0.00470304, 205, 206, 10.399118900299072, 0.0028100013732910156, 0.032459020614624023, 0.0028700828552246094, 0.0028450489044189453, 0, 0.0043630599975585938, 10.353771686553955, 133.48887266781253, 132.55962279636222, 185849.9742900671, 757, 765, 38.7465, 2.26532, 24.9897, 2.48135, 5.0931, 0.000201464, 3.89958, 0.017195, 
256,128,1000,2,8,0.006,25553.5,0.5,0.51,9, 57.4319, 3.18001, 52.6509, 0.00406027, 0.00513101, 274, 275, 13.893332958221436, 0.00286102294921875, 0.032426118850708008, 0.0028901100158691406, 0.0028471946716308594, 0, 0.0042898654937744141, 13.848018646240234, 133.64426428265733, 132.86438161793637, 129980.44412015591, 1031, 1040, 52.6398, 3.067, 33.9138, 3.42944, 6.93675, 0.000264406, 5.27292, 0.0195909, 
256,128,1000,2,9,0.007,22681.2,0.5,0.51,10, 70.526, 3.52103, 65.2118, 0.00450706, 0.00554919, 246, 247, 12.559684991836548, 0.0027558803558349609, 0.032454013824462891, 0.0028328895568847656, 0.0028471946716308594, 1.1920928955078125e-06, 0.004306793212890625, 12.514487028121948, 133.7560549215361, 133.08277600641293, 96182.702160455927, 1277, 1287, 65.1995, 3.91206, 41.9305, 4.20827, 8.59211, 0.000332117, 6.53426, 0.0219245, 
256,128,1000,2,10,0.008,20573.9,0.5,0.51,11, 83.5222, 3.8621, 77.6962, 0.00503707, 0.00600004, 247, 248, 12.482975006103516, 0.0031559467315673828, 0.032491922378540039, 0.0028369426727294922, 0.0028500556945800781, 0, 0.0043289661407470703, 12.437311172485352, 133.84050551678163, 133.24712636413153, 74172.394081263148, 1524, 1535, 77.6825, 4.63394, 49.9847, 5.04903, 10.2543, 0.000374794, 7.73572, 0.0242939, 
256,128,1000,2,11,0.009,18977.3,0.5,0.51,12, 95.3439, 4.20396, 89.0055, 0.00545406, 0.00643992, 224, 225, 11.307891845703125, 0.0028109550476074219, 0.032501935958862305, 0.0028400421142578125, 0.0028469562530517578, 0, 0.0045030117034912109, 11.262388944625854, 133.90666223671764, 133.37547110794088, 59021.236530751456, 1748, 1760, 88.9903, 5.28012, 57.3003, 5.79518, 11.7619, 0.00042057, 8.8258, 0.0266664, 
256,128,1000,2,12,0.01,17739.7,0.5,0.51,13, 110.752, 4.54408, 103.903, 0.00591421, 0.00690293, 295, 296, 14.896481990814209, 0.0027880668640136719, 0.032531023025512695, 0.0028631687164306641, 0.0028450489044189453, 0, 0.0042510032653808594, 14.851203680038452, 133.95995622276664, 133.47865922577387, 48129.699699277713, 2043, 2056, 103.887, 6.13953, 66.9249, 6.71763, 13.7474, 0.000484467, 10.3278, 0.0291479, 
256,128,1000,2,13,0.02,13294,0.5,0.51,14, 151.701, 4.88872, 144.336, 0.00647616, 0.00823998, 799, 800, 40.431859016418457, 0.0029480457305908203, 0.032449960708618164, 0.0030329227447509766, 0.0028460025787353516, 0, 0.0042219161987304688, 40.386360168457031, 134.20321206072987, 133.95919170143901, 12201.01796454274, 2842, 2856, 144.319, 8.50193, 92.8985, 9.39947, 19.1234, 0.000673056, 14.3623, 0.0324185, 
256,128,1000,2,14,0.03,12744.3,0.5,0.51,15, 180.372, 5.22854, 172.497, 0.00690508, 0.00865078, 555, 556, 28.159885883331299, 0.0032999515533447266, 0.032478094100952148, 0.0028359889984130859, 0.0028450489044189453, 0, 0.0043179988861083984, 28.114108800888062, 134.28455090007694, 134.12187021147136, 5422.6896201857116, 3397, 3412, 172.479, 10.1914, 110.945, 11.3421, 22.8582, 0.00081706, 17.1057, 0.0352883, 
256,128,1000,2,15,0.04,12991.4,0.5,0.51,16, 210.082, 5.56758, 201.699, 0.00735402, 0.00906992, 577, 578, 29.200003147125244, 0.0028848648071289062, 0.032550811767578125, 0.0027759075164794922, 0.0028469562530517578, 0, 0.0041918754577636719, 29.154752731323242, 134.32522031957819, 134.20321008152141, 3050.2559514193213, 3974, 3990, 201.679, 11.8521, 129.718, 13.2653, 26.741, 0.000951767, 20.0631, 0.0382094, 
256,128,1000,2,16,0.05,13405.1,0.5,0.51,17, 234.726, 5.9105, 225.828, 0.0079751, 0.00953078, 465, 466, 24.127935171127319, 0.0031440258026123047, 0.032495021820068359, 0.0029120445251464844, 0.0028460025787353516, 0, 0.0042779445648193359, 24.082260131835938, 134.34962197171575, 134.2520125543175, 1952.1883479642238, 4439, 4456, 225.807, 13.193, 144.863, 15.5007, 29.8704, 0.0010705, 22.3376, 0.0409551, 
256,128,1000,2,17,0.06,13800.3,0.5,0.51,18, 262.196, 6.24984, 252.79, 0.00844622, 0.00994468, 529, 530, 26.960375070571899, 0.0029888153076171875, 0.032469987869262695, 0.0028429031372070312, 0.0028450489044189453, 0, 0.0043020248413085938, 26.914926290512085, 134.36588973970873, 134.28454802404855, 1355.6952610036446, 4968, 4986, 252.767, 14.7515, 162.091, 17.3074, 33.4303, 0.00119925, 25.1418, 0.0437467, 
256,128,1000,2,18,0.07,14131.7,0.5,0.51,19, 288.88, 6.58946, 278.965, 0.00884414, 0.0103788, 517, 518, 26.173531055450439, 0.0026831626892089844, 0.032436132431030273, 0.0028469562530517578, 0.0028469562530517578, 1.1920928955078125e-06, 0.0044538974761962891, 26.128262758255005, 134.37750957413243, 134.30778745104328, 996.03032984511833, 5485, 5504, 278.94, 16.3755, 178.905, 18.9787, 36.9091, 0.00132012, 27.7246, 0.0465412, 
256,128,1000,2,19,0.08,14399.8,0.5,0.51,20, 311.491, 6.93058, 301.064, 0.00926805, 0.0107458, 433, 434, 22.098165988922119, 0.0028579235076904297, 0.032461166381835938, 0.0028469562530517578, 0.0028479099273681641, 9.5367431640625e-07, 0.0043730735778808594, 22.052778005599976, 134.38622445081501, 134.32521599051563, 762.6057537420852, 5918, 5938, 301.039, 17.6411, 193.006, 20.6479, 39.8228, 0.00145602, 29.8702, 0.0491781, 
256,128,1000,2,20,0.09,14616.6,0.5,0.51,21, 336.375, 7.27354, 325.434, 0.00968194, 0.0111289, 467, 468, 24.368685007095337, 0.0028820037841796875, 0.032532930374145508, 0.0029289722442626953, 0.0028460025787353516, 0, 0.0044391155242919922, 24.323055982589722, 134.39300268663703, 134.33877364547911, 602.54490175464002, 6385, 6406, 325.407, 18.9961, 208.223, 22.8589, 42.9654, 0.00154853, 32.3105, 0.0519273, 
256,128,1000,2,21,0.1,14793.9,0.5,0.51,22, 357.729, 7.61577, 346.275, 0.0100901, 0.0115778, 412, 413, 20.839750051498413, 0.0029568672180175781, 0.032470941543579102, 0.0028960704803466797, 0.0028460025787353516, 0, 0.0043499469757080078, 20.794230222702026, 134.39842527644174, 134.3496183559686, 488.06920473137018, 6797, 6819, 346.247, 20.1648, 221.65, 24.2511, 45.738, 0.0016551, 34.3873, 0.0545914, 
256,128,1000,2,22,0.2,15632.4,0.5,0.51,23, 388.463, 7.95528, 376.5, 0.010546, 0.012048, 599, 600, 30.223230123519897, 0.0028500556945800781, 0.032493829727172852, 0.0029549598693847656, 0.0028460025787353516, 0, 0.0043380260467529297, 30.177747249603271, 134.42282692817287, 134.39842292280218, 122.0200268535088, 7396, 7419, 376.47, 21.8616, 241.151, 26.3108, 49.769, 0.00179219, 37.3186, 0.0575473, 
256,128,1000,2,23,0.3,15933.9,0.5,0.51,24, 416.228, 8.29803, 403.752, 0.011004, 0.0124931, 514, 515, 27.250974178314209, 0.0026910305023193359, 0.032482147216796875, 0.002964019775390625, 0.0028450489044189453, 0, 0.0043110847473144531, 27.205680847167969, 134.43096081396561, 134.41469009619482, 54.235725902659908, 7910, 7934, 403.721, 23.3751, 257.896, 29.2889, 53.2281, 0.00191212, 39.871, 0.0603461, 
256,128,1000,2,24,0.4,16088.6,0.5,0.51,25, 441.352, 8.64031, 428.364, 0.01142, 0.0128691, 488, 489, 24.610357999801636, 0.003108978271484375, 0.032448053359985352, 0.0027918815612792969, 0.0028481483459472656, 0, 0.0043759346008300781, 24.564785003662109, 134.43502775483336, 134.42282479826554, 30.50739141953499, 8398, 8423, 428.332, 24.814, 273.771, 30.9533, 56.5112, 0.00203681, 42.2174, 0.063112, 
256,128,1000,2,25,0.5,16181.5,0.5,0.51,26, 462.028, 8.97949, 448.531, 0.0117991, 0.0132592, 400, 401, 20.165709018707275, 0.0028169155120849609, 0.03242802619934082, 0.0029239654541015625, 0.0028450489044189453, 0, 0.004302978515625, 20.120392084121704, 134.43746792042626, 134.42770517441662, 19.525492019252706, 8798, 8824, 448.497, 25.9482, 286.793, 32.3407, 59.2029, 0.0021174, 44.145, 0.0657499, 
256,128,1000,2,26,0.6,16243.1,0.5,0.51,27, 478.676, 9.322, 464.666, 0.0124111, 0.0136793, 318, 319, 16.131521940231323, 0.0027909278869628906, 0.032485008239746094, 0.0028450489044189453, 0.0028481483459472656, 0, 0.0044019222259521484, 16.086150884628296, 134.43909470798155, 134.43095649638255, 13.563685998329948, 9116, 9143, 464.629, 26.8681, 297.16, 33.4932, 61.3429, 0.00219512, 45.6946, 0.0682549, 
256,128,1000,2,27,0.7,16287.4,0.5,0.51,28, 490.814, 9.66414, 476.292, 0.0128441, 0.0140514, 230, 231, 11.624572992324829, 0.0027728080749511719, 0.032480955123901367, 0.0027930736541748047, 0.0028440952301025391, 0, 0.0042939186096191406, 11.57938814163208, 134.44025669138767, 134.43328081543211, 9.9655370793734122, 9346, 9374, 476.253, 27.6166, 304.667, 34.2007, 62.8905, 0.00224566, 46.8056, 0.0706565, 
256,128,1000,2,28,0.8,16320.6,0.5,0.51,29, 505.319, 10.006, 490.285, 0.0132141, 0.0144694, 276, 277, 13.99239182472229, 0.0027878284454345703, 0.032452106475830078, 0.0028309822082519531, 0.0028460025787353516, 0, 0.0042719841003417969, 13.947202920913696, 134.44112818029524, 134.43502381113069, 7.630461455676846, 9622, 9651, 490.246, 28.4424, 313.67, 35.1786, 64.7477, 0.00230527, 48.1322, 0.073082, 
256,128,1000,2,29,0.9,16346.6,0.5,0.51,30, 515.929, 10.3455, 500.386, 0.0136201, 0.0149693, 198, 199, 10.099120140075684, 0.0027492046356201172, 0.032545089721679688, 0.0028460025787353516, 0.0028469562530517578, 0, 0.0042312145233154297, 10.053901672363281, 134.4418059947468, 134.43638118343256, 6.0275681269393004, 9820, 9850, 500.345, 29.0881, 320.139, 35.8706, 66.0803, 0.00235462, 49.0889, 0.0754094, 
256,128,1000,2,30,1,16367.2,0.5,0.51,31, 530.304, 10.6872, 514.25, 0.0143101, 0.0155203, 275, 276, 13.862978935241699, 0.0027880668640136719, 0.0324249267578125, 0.0028550624847412109, 0.0028460025787353516, 9.5367431640625e-07, 0.0042440891265869141, 13.817819833755493, 134.44234825563603, 134.43746539491826, 4.8828607177661913, 10095, 10126, 514.208, 29.9027, 329.099, 36.7871, 67.9306, 0.00242567, 50.4085, 0.0778422, 
256,128,1000,2,31,10,16534.3,0.5,0.51,32, 562.456, 11.0284, 545.891, 0.0147212, 0.0158954, 631, 632, 31.639730930328369, 0.0030109882354736328, 0.032438993453979492, 0.0028629302978515625, 0.0028460025787353516, 0, 0.0044090747833251953, 31.594162940979004, 134.446740716796, 134.44624902778384, 0.049168901219108885, 10726, 10758, 545.848, 31.6907, 349.612, 38.8518, 72.1766, 0.00258446, 53.4328, 0.0808306, 
256,128,1000,2,32,100,16550.8,0.5,0.51,33, 580.808, 11.3673, 563.735, 0.015131, 0.0162795, 353, 354, 17.843088150024414, 0.0027449131011962891, 0.032459020614624023, 0.0028340816497802734, 0.0028491020202636719, 0, 0.0042469501495361328, 17.797954082489014, 134.44718170497029, 134.44712827527087, 0.00053429699363499727, 11079, 11112, 563.691, 32.7217, 361.103, 40.0856, 74.552, 0.00267243, 55.1419, 0.0834186, 
256,128,1000,2,33,1000,16551.6,0.5,0.51,34, 583.735, 11.7088, 566.152, 0.015589, 0.0166965, 48, 49, 2.415532112121582, 0.0029039382934570312, 0.031535863876342773, 0.0028080940246582031, 0.0028460025787353516, 0, 0.0043511390686035156, 2.3710870742797852, 134.44724166029957, 134.44722152872072, 2.0131578810547723e-05, 11127, 11161, 566.106, 32.8596, 362.647, 40.2608, 74.875, 0.00268364, 55.3756, 0.0854824, 
