?spgqp_err,K,epssqr,abserr,Theta0,Theta1,it all, t all, t gamma update, t gamma solve, t theta update, t theta solve, SPGQP it, SPGQP hessmult, SPGQP t all, SPGQP t project, SPGQP t matmult, SPGQP t dot, SPGQP t update, SPGQP t stepsize, SPGQP t fs, SPGQP t other, SPGQP fx, SPGQP fx_linear, SPGQP fx_quadratic, SPGQP_sum it, SPGQP_sum hessmult, SPGQP_sum t all, SPGQP_sum t project, SPGQP_sum t matmult, SPGQP_sum t dot, SPGQP_sum t update, SPGQP_sum t stepsize, SPGQP_sum t fs, SPGQP_sum t other, 
1e-6,2,1,4.38019e+06,1,2,1, 0.624671, 0.227238, 0.211182, 0, 0, 73, 74, 0.053020954132080078, 0.00019598007202148438, 0.00019884109497070312, 1.3113021850585938e-05, 2.86102294921875e-06, 0, 8.8930130004882812e-05, 0.052521228790283203, 999.88813193496674, 999.80521610455548, 0.082915830411225994, 73, 74, 0.053021, 0.00679421, 0.0179718, 0.00244737, 0.00779819, 2.26498e-05, 0.0106094, 0.00737739, 
1e-6,2,2,4.3387e+06,1,2,2, 1.33224, 0.574949, 0.352558, 0, 0, 90, 91, 0.037326812744140625, 0.00013899803161621094, 0.00013804435729980469, 4.4107437133789062e-05, 2.86102294921875e-06, 0, 8.20159912109375e-05, 0.036920785903930664, 999.9383785946236, 999.87588500305174, 0.062493591571771111, 163, 165, 0.0903478, 0.0139196, 0.03125, 0.00426269, 0.0146582, 3.17097e-05, 0.0186205, 0.00760508, 
1e-6,2,3,4.29008e+06,1,2,3, 2.27669, 0.773838, 0.676572, 0, 0, 101, 102, 0.058492898941040039, 0.00014400482177734375, 0.00021910667419433594, 7.0095062255859375e-05, 2.86102294921875e-06, 0, 0.00016903877258300781, 0.057887792587280273, 999.96154026948034, 999.90939186750438, 0.052148401976087569, 264, 267, 0.148841, 0.0245411, 0.0499179, 0.00754237, 0.0263402, 3.88622e-05, 0.0324986, 0.00796151, 
1e-6,2,4,4.24618e+06,1,2,4, 3.09825, 1.08069, 0.906786, 0, 0, 110, 111, 0.039419174194335938, 6.29425048828125e-05, 0.00011110305786132812, 1.1920928955078125e-05, 3.0994415283203125e-06, 0, 4.9829483032226562e-05, 0.039180278778076172, 999.97560500702969, 999.92984055017268, 0.045764456856988725, 374, 378, 0.18826, 0.0315981, 0.0648961, 0.00909352, 0.0341947, 5.05447e-05, 0.040252, 0.0081749, 
1e-6,2,5,4.20598e+06,1,2,5, 3.89091, 1.39874, 1.11523, 0, 0, 109, 110, 0.058871030807495117, 4.6014785766601562e-05, 0.00011396408081054688, 2.4080276489257812e-05, 4.0531158447265625e-06, 9.5367431640625e-07, 5.1021575927734375e-05, 0.058630943298339844, 999.98528553228914, 999.94431723758612, 0.040968294703018215, 483, 488, 0.247131, 0.0421581, 0.0837805, 0.0126536, 0.0460544, 7.20024e-05, 0.0539978, 0.00841451, 
1e-6,2,6,4.17033e+06,1,2,6, 4.73583, 1.70323, 1.37581, 0, 0, 206, 207, 0.094394922256469727, 6.8902969360351562e-05, 0.00014805793762207031, 2.6941299438476562e-05, 3.0994415283203125e-06, 0, 7.2002410888671875e-05, 0.094075918197631836, 999.9923732674946, 999.95555681783094, 0.036816449663698701, 689, 695, 0.341526, 0.0590167, 0.115562, 0.0180984, 0.0650573, 9.799e-05, 0.0751238, 0.00856996, 
1e-6,2,7,4.13938e+06,1,2,7, 5.75495, 2.04217, 1.75645, 0, 0, 180, 181, 0.10862207412719727, 9.4175338745117188e-05, 0.00014781951904296875, 3.3140182495117188e-05, 3.0994415283203125e-06, 0, 8.9883804321289062e-05, 0.10825395584106445, 999.99778954619921, 999.96423927076478, 0.033550275434597363, 869, 876, 0.450148, 0.0801435, 0.148721, 0.0243289, 0.0859654, 0.00012207, 0.102056, 0.00881124, 
1e-6,2,8,4.11468e+06,1,2,8, 6.56486, 2.35135, 1.97715, 0, 0, 144, 145, 0.042330026626586914, 0.00012087821960449219, 0.0001239776611328125, 3.5047531127929688e-05, 3.0994415283203125e-06, 0, 9.6082687377929688e-05, 0.04195094108581543, 1000.0021028137946, 999.9709676274058, 0.031135186388859249, 1013, 1021, 0.492478, 0.0870397, 0.165862, 0.0261128, 0.0941939, 0.000145435, 0.110075, 0.00904965, 
1e-6,2,9,4.09497e+06,1,2,9, 7.42701, 2.63435, 2.25216, 0, 0, 150, 151, 0.066398859024047852, 0.00012087821960449219, 0.00017309188842773438, 1.5974044799804688e-05, 3.0994415283203125e-06, 0, 0.00014495849609375, 0.06594085693359375, 1000.0056602026914, 999.97633619425028, 0.029324008441161863, 1163, 1172, 0.558877, 0.0987329, 0.18823, 0.0299201, 0.107559, 0.00016284, 0.12499, 0.00928259, 
1e-6,2,10,4.07939e+06,1,2,10, 8.32197, 2.85429, 2.67564, 0, 0, 164, 165, 0.046684980392456055, 4.38690185546875e-05, 0.00011181831359863281, 1.2159347534179688e-05, 3.814697265625e-06, 0, 5.1021575927734375e-05, 0.046462297439575195, 1000.0086691863644, 999.9808708976384, 0.027798288726265084, 1327, 1337, 0.605562, 0.106253, 0.207301, 0.0319569, 0.116669, 0.000182152, 0.133743, 0.00945616, 
1e-6,2,20,3.97276e+06,1,2,11, 9.79167, 3.1719, 3.64256, 0, 0, 377, 378, 0.87427401542663574, 0.00011491775512695312, 0.00013208389282226562, 1.1920928955078125e-05, 4.0531158447265625e-06, 0, 7.1048736572265625e-05, 0.87393999099731445, 1000.0247326366186, 1000.0060830873279, 0.018649549290960393, 1704, 1715, 1.47984, 0.260361, 0.43656, 0.0864251, 0.306073, 0.000229597, 0.380082, 0.0101044, 
1e-6,2,30,3.90256e+06,1,2,12, 10.6184, 3.42148, 3.98552, 0, 0, 411, 412, 0.22777795791625977, 0.00012087821960449219, 0.00013303756713867188, 2.9802322387695312e-05, 2.86102294921875e-06, 0, 0.00014400482177734375, 0.22734737396240234, 1000.0311673156871, 1000.0174142783441, 0.013753037343005621, 2115, 2127, 1.70761, 0.305005, 0.50877, 0.0994656, 0.351127, 0.000295639, 0.432569, 0.010381, 
1e-6,2,40,3.85309e+06,1,2,13, 12.2147, 3.93809, 4.73095, 0, 0, 388, 389, 0.22111797332763672, 0.00017404556274414062, 0.0001850128173828125, 3.4093856811523438e-05, 2.86102294921875e-06, 0, 0.00016808509826660156, 0.22055387496948242, 1000.0345781531515, 1000.0238823818792, 0.010695771272456529, 2503, 2516, 1.92873, 0.346188, 0.57884, 0.11284, 0.395082, 0.000347137, 0.484745, 0.0106895, 
1e-6,2,50,3.8215e+06,1,2,14, 13.2297, 4.17678, 5.20849, 0, 0, 413, 414, 0.23768186569213867, 6.6041946411132812e-05, 0.00010991096496582031, 3.3140182495117188e-05, 3.0994415283203125e-06, 0, 0.00010585784912109375, 0.23736381530761719, 1000.0366783537961, 1000.0278746151738, 0.0088037386221520037, 2916, 2930, 2.16641, 0.391001, 0.65442, 0.12705, 0.441755, 0.000397682, 0.540675, 0.0111139, 
1e-6,2,60,3.79444e+06,1,2,15, 14.0705, 4.44434, 5.5074, 0, 0, 307, 308, 0.10582900047302246, 4.5061111450195312e-05, 0.00011491775512695312, 1.0967254638671875e-05, 3.0994415283203125e-06, 0, 5.1975250244140625e-05, 0.10560297966003418, 1000.038090810323, 1000.0307392317824, 0.0073515785406395029, 3223, 3238, 2.27224, 0.408692, 0.694905, 0.132058, 0.462836, 0.000444889, 0.561789, 0.0115175, 
1e-6,2,70,3.77078e+06,1,2,16, 15.1242, 4.71219, 5.90465, 0, 0, 297, 298, 0.19189715385437012, 8.7976455688476562e-05, 0.00017094612121582031, 5.6982040405273438e-05, 2.86102294921875e-06, 0, 0.00015711784362792969, 0.1914212703704834, 1000.0391794659372, 1000.0329888804608, 0.0061905854763476004, 3520, 3536, 2.46414, 0.443393, 0.754417, 0.143791, 0.500937, 0.000486374, 0.609273, 0.011842, 
1e-6,2,80,3.76032e+06,1,2,17, 15.9833, 5.10706, 6.18386, 0, 0, 304, 305, 0.097983837127685547, 4.6014785766601562e-05, 0.00011491775512695312, 1.1920928955078125e-05, 2.86102294921875e-06, 0, 5.1975250244140625e-05, 0.097756147384643555, 1000.0400151291301, 1000.0345205901882, 0.0054945389417089107, 3824, 3841, 2.56212, 0.459201, 0.79361, 0.147913, 0.520372, 0.000538349, 0.628365, 0.0121241, 
1e-6,2,90,3.75382e+06,1,2,18, 16.9851, 5.30547, 6.65751, 0, 0, 293, 294, 0.16378593444824219, 0.00011491775512695312, 0.00011706352233886719, 1.9073486328125e-05, 3.814697265625e-06, 0, 8.6069107055664062e-05, 0.16344499588012695, 1000.0406699202076, 1000.0356368010782, 0.0050331191293140906, 4117, 4135, 2.72591, 0.491365, 0.84627, 0.157427, 0.55249, 0.000568867, 0.665447, 0.0123405, 
1e-6,2,100,3.74942e+06,1,2,19, 17.937, 5.50422, 7.10497, 0, 0, 314, 315, 0.12115097045898438, 7.3909759521484375e-05, 0.00011897087097167969, 1.1205673217773438e-05, 2.86102294921875e-06, 0, 5.1021575927734375e-05, 0.12089300155639648, 1000.0411863864523, 1000.036493602085, 0.0046927843672790832, 4431, 4450, 2.84706, 0.511747, 0.889873, 0.163438, 0.577116, 0.000611305, 0.691526, 0.0127494, 
1e-6,2,200,3.72674e+06,1,2,20, 20.2752, 5.79113, 8.90042, 0, 0, 425, 426, 1.7196950912475586, 0.00012493133544921875, 0.00012898445129394531, 5.7935714721679688e-05, 3.0994415283203125e-06, 0, 0.00020694732666015625, 1.7191731929779053, 1000.0438256293774, 1000.0406053057546, 0.0032203236227027151, 4856, 4876, 4.56676, 0.819789, 1.31933, 0.275883, 0.968559, 0.000663757, 1.16932, 0.0132089, 
1e-6,2,300,3.71801e+06,1,2,21, 21.0292, 6.06007, 9.18487, 0, 0, 373, 374, 0.19250202178955078, 4.7922134399414062e-05, 0.00011420249938964844, 1.0967254638671875e-05, 2.86102294921875e-06, 0, 7.0095062255859375e-05, 0.19225597381591797, 1000.0449913384665, 1000.0420248983837, 0.0029664400827878368, 5229, 5250, 4.75926, 0.854333, 1.38338, 0.287142, 1.00656, 0.000716686, 1.21353, 0.0135944, 
1e-6,2,400,3.71315e+06,1,2,22, 22.9853, 6.74312, 10.148, 0, 0, 449, 450, 0.31439089775085449, 5.6982040405273438e-05, 0.00022196769714355469, 3.719329833984375e-05, 2.86102294921875e-06, 0, 0.00034499168395996094, 0.31372690200805664, 1000.0456413464107, 1000.0427994376921, 0.0028419087186011245, 5678, 5700, 5.07365, 0.90787, 1.48211, 0.306945, 1.07176, 0.000787735, 1.29012, 0.0140519, 
1e-6,2,500,3.70924e+06,1,2,23, 23.9598, 7.03162, 10.5042, 0, 0, 405, 406, 0.14748907089233398, 0.00043511390686035156, 0.0003490447998046875, 0.00015687942504882812, 3.0994415283203125e-06, 0, 0.00023603439331054688, 0.14630889892578125, 1000.0461450881209, 1000.0432282312574, 0.0029168568632632653, 6083, 6106, 5.22114, 0.93221, 1.53611, 0.314473, 1.101, 0.000845432, 1.32201, 0.0145001, 
1e-6,2,600,3.70239e+06,1,2,24, 25.2017, 7.35795, 11.115, 0, 0, 864, 865, 0.49134206771850586, 0.00010704994201660156, 0.00017094612121582031, 1.5020370483398438e-05, 3.0994415283203125e-06, 0, 0.00018405914306640625, 0.49086189270019531, 1000.0457977837193, 1000.0437700464814, 0.0020277372378943634, 6947, 6971, 5.71248, 1.02913, 1.68968, 0.34234, 1.1998, 0.000981331, 1.43537, 0.0151856, 
1e-6,2,700,3.67969e+06,1,2,25, 26.0605, 7.55788, 11.557, 0, 0, 180, 181, 0.12063717842102051, 6.6041946411132812e-05, 0.00011205673217773438, 1.0967254638671875e-05, 2.86102294921875e-06, 0, 5.2213668823242188e-05, 0.12039303779602051, 1000.0452122366125, 1000.0439298500471, 0.001282386565232723, 7127, 7152, 5.83312, 1.05219, 1.72616, 0.349538, 1.22434, 0.00100422, 1.46437, 0.0155165, 
1e-6,2,800,3.66637e+06,1,2,26, 26.8664, 7.88459, 11.7345, 0, 0, 22, 23, 0.011878013610839844, 5.2928924560546875e-05, 0.00015091896057128906, 1.7881393432617188e-05, 3.0994415283203125e-06, 0, 9.7990036010742188e-05, 0.011555194854736328, 1000.0450390569736, 1000.0447921765733, 0.00024688040019063296, 7149, 7175, 5.84499, 1.05429, 1.73019, 0.350185, 1.22668, 0.00100899, 1.46697, 0.015672, 
1e-6,2,900,3.66571e+06,1,2,27, 27.6408, 8.15737, 11.9458, 0, 0, 22, 23, 0.012159824371337891, 5.7935714721679688e-05, 0.00016689300537109375, 3.0994415283203125e-05, 3.0994415283203125e-06, 0, 0.0001049041748046875, 0.011795997619628906, 1000.0450983725912, 1000.0449065007535, 0.00019187183782587962, 7171, 7198, 5.85715, 1.05674, 1.73397, 0.350784, 1.22912, 0.00101304, 1.46964, 0.0158849, 
1e-6,2,1000,3.66603e+06,1,2,28, 28.3587, 8.45611, 12.133, 0, 0, 35, 36, 0.023638010025024414, 9.4890594482421875e-05, 0.00024390220642089844, 6.198883056640625e-05, 3.0994415283203125e-06, 0, 0.00018191337585449219, 0.023052215576171875, 1000.0450933756802, 1000.0448902456209, 0.00020313005910604112, 7206, 7234, 5.88079, 1.06114, 1.74139, 0.352282, 1.23313, 0.00101638, 1.47582, 0.0160079, 
1e-6,2,2000,3.66432e+06,1,2,29, 29.1355, 8.68975, 12.3474, 0, 0, 10, 11, 0.0060541629791259766, 0.00011420249938964844, 0.00023698806762695312, 5.4836273193359375e-05, 2.86102294921875e-06, 0, 0.00021815299987792969, 0.0054271221160888672, 1000.0452955788974, 1000.0452320673073, 6.3511589939091944e-05, 7216, 7245, 5.88685, 1.06233, 1.74331, 0.352658, 1.23418, 0.00101638, 1.47719, 0.0161674, 
1e-6,2,3000,3.66394e+06,1,2,30, 29.7678, 8.97878, 12.4982, 0, 0, 4, 5, 0.0035150051116943359, 0.00013303756713867188, 0.00021219253540039062, 5.0067901611328125e-05, 2.86102294921875e-06, 9.5367431640625e-07, 0.00015902519226074219, 0.0029568672180175781, 1000.0453567639281, 1000.0453353674537, 2.1396474513478969e-05, 7220, 7250, 5.89036, 1.0628, 1.74441, 0.352787, 1.23478, 0.00101733, 1.47812, 0.0164516, 
1e-6,2,4000,3.66391e+06,1,2,31, 30.4036, 9.24622, 12.6629, 0, 0, 4, 5, 0.0018219947814941406, 4.482269287109375e-05, 0.00011396408081054688, 1.1920928955078125e-05, 3.0994415283203125e-06, 0, 5.1975250244140625e-05, 0.0015962123870849609, 1000.0453670451963, 1000.0453509978402, 1.6047355883839302e-05, 7224, 7255, 5.89218, 1.06305, 1.74509, 0.352838, 1.23505, 0.00101733, 1.47852, 0.0166125, 
1e-6,2,5000,3.6639e+06,1,2,32, 32.2387, 9.46801, 12.9244, 0, 0, 4, 5, 0.002841949462890625, 8.296966552734375e-05, 0.00014591217041015625, 1.4066696166992188e-05, 4.0531158447265625e-06, 0, 8.20159912109375e-05, 0.0025129318237304688, 1000.045373213957, 1000.0453603760723, 1.2837884704959986e-05, 7228, 7260, 5.89503, 1.06366, 1.746, 0.352936, 1.23542, 0.00101924, 1.47911, 0.0168788, 
1e-6,2,6000,3.66389e+06,1,2,33, 32.9571, 9.68488, 13.1253, 0, 0, 4, 5, 0.0039360523223876953, 6.389617919921875e-05, 0.0001239776611328125, 2.6941299438476562e-05, 4.0531158447265625e-06, 0, 7.6055526733398438e-05, 0.0036411285400390625, 1000.0453773264642, 1000.0453666282269, 1.0698237258571783e-05, 7232, 7265, 5.89896, 1.06429, 1.74713, 0.353149, 1.23624, 0.00102019, 1.48007, 0.0170567, 
1e-6,2,7000,3.66388e+06,1,2,34, 33.7841, 9.99295, 13.32, 0, 0, 4, 5, 0.0031259059906005859, 7.0810317993164062e-05, 0.00013589859008789062, 1.3113021850585938e-05, 2.86102294921875e-06, 0, 9.7036361694335938e-05, 0.0028061866760253906, 1000.0453802639693, 1000.0453710940518, 9.1699176462391537e-06, 7236, 7270, 5.90209, 1.06484, 1.7483, 0.353302, 1.23666, 0.00102019, 1.48078, 0.0171916, 
1e-6,2,8000,3.66388e+06,1,2,35, 35.1398, 10.272, 13.5014, 0, 0, 4, 5, 0.0043599605560302734, 0.00010418891906738281, 0.00021600723266601562, 6.4849853515625e-05, 2.86102294921875e-06, 0, 0.00013303756713867188, 0.0038390159606933594, 1000.0453824670984, 1000.0453744434203, 8.0236779388557974e-06, 7240, 7275, 5.90645, 1.06534, 1.74934, 0.353438, 1.23713, 0.00102139, 1.48286, 0.0173254, 
1e-6,2,9000,3.66387e+06,1,2,36, 35.858, 10.4703, 13.7108, 0, 0, 4, 5, 0.0016229152679443359, 4.6014785766601562e-05, 0.00012922286987304688, 1.0967254638671875e-05, 2.86102294921875e-06, 0, 5.4121017456054688e-05, 0.0013797283172607422, 1000.0453841806429, 1000.0453770484849, 7.1321581808254654e-06, 7244, 7280, 5.90807, 1.06558, 1.75, 0.353486, 1.23736, 0.00102353, 1.48316, 0.0174603, 
1e-6,2,10000,3.66387e+06,1,2,37, 36.6506, 10.8039, 13.8844, 0, 0, 4, 5, 0.0016229152679443359, 4.5061111450195312e-05, 0.00011205673217773438, 1.1920928955078125e-05, 4.0531158447265625e-06, 0, 5.1021575927734375e-05, 0.0013988018035888672, 1000.0453855514787, 1000.0453791325363, 6.4189423532197952e-06, 7248, 7285, 5.90969, 1.06582, 1.75062, 0.353533, 1.23759, 0.00102353, 1.48346, 0.0176384, 
1e-6,2,20000,3.66385e+06,1,2,38, 37.4413, 11.0043, 14.1655, 0, 0, 3, 4, 0.0025298595428466797, 0.00036001205444335938, 0.00017404556274414062, 4.6014785766601562e-05, 2.86102294921875e-06, 0, 0.00012302398681640625, 0.0018239021301269531, 1000.0453920715955, 1000.0453886057858, 3.4658098493948829e-06, 7251, 7289, 5.91222, 1.06641, 1.7514, 0.353763, 1.2379, 0.00102353, 1.48385, 0.0178845, 
1e-6,2,30000,3.66385e+06,1,2,39, 38.2276, 11.2397, 14.3936, 0, 0, 2, 3, 0.0020070075988769531, 9.2029571533203125e-05, 0.00024294853210449219, 5.4121017456054688e-05, 3.0994415283203125e-06, 0, 0.00020599365234375, 0.0014088153839111328, 1000.0453968623029, 1000.0453945331899, 2.3291131072392975e-06, 7253, 7292, 5.91423, 1.06668, 1.75208, 0.35385, 1.23818, 0.00102353, 1.4844, 0.0180066, 
1e-6,2,40000,3.66385e+06,1,2,40, 38.8035, 11.4572, 14.5191, 0, 0, 2, 3, 0.0031411647796630859, 0.00014090538024902344, 0.00021719932556152344, 1.1920928955078125e-05, 3.0994415283203125e-06, 0, 0.00022101402282714844, 0.0025470256805419922, 1000.0453971189775, 1000.0453953721425, 1.7468348064789965e-06, 7255, 7295, 5.91737, 1.06698, 1.75274, 0.353875, 1.23844, 0.00102353, 1.48619, 0.0181139, 
1e-6,2,50000,3.66384e+06,1,2,41, 39.5659, 11.712, 14.7111, 0, 0, 2, 3, 0.0019409656524658203, 8.3208084106445312e-05, 0.00025391578674316406, 6.4134597778320312e-05, 2.86102294921875e-06, 0, 0.00021505355834960938, 0.0013217926025390625, 1000.0453972729819, 1000.045395875514, 1.3974678910250953e-06, 7257, 7298, 5.91931, 1.06725, 1.75338, 0.353976, 1.23872, 0.00102353, 1.48674, 0.0182159, 
1e-6,2,60000,3.66384e+06,1,2,42, 40.2207, 11.915, 14.9882, 0, 0, 2, 3, 0.0014879703521728516, 4.9114227294921875e-05, 0.00013899803161621094, 1.5974044799804688e-05, 3.0994415283203125e-06, 0, 5.9843063354492188e-05, 0.0012209415435791016, 1000.0453973756516, 1000.0453962110951, 1.164556464918887e-06, 7259, 7301, 5.9208, 1.06752, 1.75393, 0.354005, 1.2389, 0.00102448, 1.4871, 0.0183198, 
1e-6,2,70000,3.66384e+06,1,2,43, 40.7807, 12.1522, 15.1488, 0, 0, 2, 3, 0.0012710094451904297, 8.6069107055664062e-05, 0.0001239776611328125, 1.2159347534179688e-05, 3.814697265625e-06, 0, 9.7990036010742188e-05, 0.00094699859619140625, 1000.0453974489872, 1000.0453964507959, 9.9819140286774711e-07, 7261, 7304, 5.92207, 1.06774, 1.75433, 0.35403, 1.23907, 0.00102448, 1.48736, 0.0185258, 
1e-6,2,80000,3.66384e+06,1,2,44, 41.7964, 12.378, 15.3871, 0, 0, 2, 3, 0.0013179779052734375, 9.3936920166015625e-05, 0.00011801719665527344, 1.2159347534179688e-05, 3.814697265625e-06, 0, 7.5101852416992188e-05, 0.0010149478912353516, 1000.0453975039887, 1000.0453966305714, 8.7341736655584978e-07, 7263, 7307, 5.92339, 1.06793, 1.75488, 0.354054, 1.23919, 0.00102448, 1.48761, 0.0187049, 
1e-6,2,90000,3.66384e+06,1,2,45, 42.4517, 12.627, 15.6167, 0, 0, 2, 3, 0.00091099739074707031, 4.5061111450195312e-05, 0.00011301040649414062, 1.1920928955078125e-05, 3.0994415283203125e-06, 0, 5.1021575927734375e-05, 0.00068688392639160156, 1000.0453975467678, 1000.0453967703967, 7.7637099260951444e-07, 7265, 7310, 5.9243, 1.06808, 1.75528, 0.354079, 1.2393, 0.00102448, 1.4878, 0.0187447, 
1e-6,2,100000,3.66384e+06,1,2,46, 43.0496, 12.8638, 15.7299, 0, 0, 2, 3, 0.0011608600616455078, 4.6014785766601562e-05, 0.00013709068298339844, 1.1920928955078125e-05, 4.0531158447265625e-06, 0, 5.2928924560546875e-05, 0.00090885162353515625, 1000.045397580991, 1000.0453968822571, 6.9873380852555981e-07, 7267, 7313, 5.92546, 1.06823, 1.7557, 0.354103, 1.23942, 0.00102448, 1.48801, 0.0189795, 
1e-6,2,200000,3.66384e+06,1,2,47, 43.8235, 13.1594, 15.9293, 0, 0, 2, 3, 0.0011720657348632812, 4.6014785766601562e-05, 0.00012516975402832031, 1.1920928955078125e-05, 4.0531158447265625e-06, 0, 5.2928924560546875e-05, 0.00093197822570800781, 1000.0453977349958, 1000.0453973856286, 3.4936680127683467e-07, 7269, 7316, 5.92663, 1.06839, 1.75612, 0.354138, 1.23954, 0.00102448, 1.4882, 0.0192208, 
1e-6,2,300000,3.66384e+06,1,2,48, 44.5216, 13.4047, 16.1235, 0, 0, 2, 3, 0.0012388229370117188, 5.6982040405273438e-05, 0.00012087821960449219, 1.1920928955078125e-05, 4.0531158447265625e-06, 9.5367431640625e-07, 5.1975250244140625e-05, 0.00099205970764160156, 1000.0453977863306, 1000.0453975534192, 2.3291108151388281e-07, 7271, 7319, 5.92787, 1.06856, 1.75656, 0.354163, 1.23966, 0.00102639, 1.48839, 0.0195057, 
1e-6,2,400000,3.66384e+06,1,2,49, 45.2527, 13.7013, 16.332, 0, 0, 2, 3, 0.0011289119720458984, 4.7922134399414062e-05, 0.0001220703125, 1.1920928955078125e-05, 2.86102294921875e-06, 0, 5.5074691772460938e-05, 0.00088906288146972656, 1000.0453978119979, 1000.0453976373145, 1.7468335640503037e-07, 7273, 7322, 5.929, 1.06872, 1.757, 0.354188, 1.23977, 0.00102639, 1.48862, 0.0196698, 
1e-6,2,500000,3.66384e+06,1,2,50, 45.9111, 13.9584, 16.524, 0, 0, 2, 3, 0.0019199848175048828, 0.00014805793762207031, 0.00019001960754394531, 6.29425048828125e-05, 3.0994415283203125e-06, 0, 0.00019502639770507812, 0.0013208389282226562, 1000.0453978273981, 1000.0453976876518, 1.3974650745020558e-07, 7275, 7325, 5.93092, 1.06903, 1.75764, 0.354294, 1.24006, 0.00102639, 1.48902, 0.0198576, 
1e-6,2,600000,3.66384e+06,1,2,51, 46.6804, 14.2334, 16.7424, 0, 0, 2, 3, 0.0010499954223632812, 4.5061111450195312e-05, 0.00011396408081054688, 1.2159347534179688e-05, 2.86102294921875e-06, 0, 5.5074691772460938e-05, 0.00082087516784667969, 1000.0453978376655, 1000.0453977212097, 1.1645601338893896e-07, 7277, 7328, 5.93197, 1.0692, 1.75807, 0.35432, 1.24017, 0.00102735, 1.48921, 0.0199616, 
1e-6,2,700000,3.66384e+06,1,2,52, 47.5435, 14.5155, 17.0238, 0, 0, 2, 3, 0.0011768341064453125, 7.0810317993164062e-05, 0.00015592575073242188, 2.002716064453125e-05, 3.0994415283203125e-06, 0, 0.00011181831359863281, 0.00081515312194824219, 1000.0453978449989, 1000.0453977451798, 9.9819775360889115e-08, 7279, 7331, 5.93315, 1.06938, 1.75852, 0.354352, 1.24029, 0.00102735, 1.48947, 0.0201156, 
1e-6,2,800000,3.66384e+06,1,2,53, 48.3367, 14.7891, 17.2258, 0, 0, 2, 3, 0.0011110305786132812, 4.6968460083007812e-05, 0.00011706352233886719, 1.0967254638671875e-05, 4.0531158447265625e-06, 0, 5.6028366088867188e-05, 0.00087594985961914062, 1000.0453978504991, 1000.0453977631574, 8.734120594090989e-08, 7281, 7334, 5.93426, 1.06962, 1.75892, 0.354376, 1.2404, 0.00102735, 1.48966, 0.0202465, 
1e-6,2,900000,3.66384e+06,1,2,54, 49.1032, 15.1109, 17.395, 0, 0, 2, 3, 0.0021059513092041016, 0.00038790702819824219, 0.00040102005004882812, 6.4134597778320312e-05, 4.0531158447265625e-06, 0, 0.00013995170593261719, 0.0011088848114013672, 1000.0453978547768, 1000.0453977771399, 7.7637726682794697e-08, 7283, 7337, 5.93636, 1.07023, 1.75973, 0.35447, 1.24058, 0.00102735, 1.48999, 0.0203283, 
1e-6,2,1e+06,3.66384e+06,1,2,55, 49.8635, 15.3195, 17.6713, 0, 0, 2, 3, 0.0035851001739501953, 9.7036361694335938e-05, 0.00015306472778320312, 3.6001205444335938e-05, 4.0531158447265625e-06, 0, 0.00014996528625488281, 0.0031449794769287109, 1000.0453978581993, 1000.0453977883259, 6.9873396430664175e-08, 7285, 7340, 5.93995, 1.07056, 1.76037, 0.35454, 1.2408, 0.0010283, 1.492, 0.0206466, 
1e-6,2,2e+06,3.66384e+06,1,2,56, 50.8121, 15.5606, 18.1706, 0, 0, 2, 3, 0.0012037754058837891, 4.9114227294921875e-05, 0.00011396408081054688, 1.1920928955078125e-05, 4.0531158447265625e-06, 0, 5.8889389038085938e-05, 0.00096583366394042969, 1000.0453978735998, 1000.0453978386631, 3.4934997990635608e-08, 7287, 7343, 5.94115, 1.07071, 1.76077, 0.354575, 1.24092, 0.0010283, 1.49222, 0.0209274, 
1e-6,2,3e+06,3.66384e+06,1,2,57, 51.4412, 15.7775, 18.3308, 0, 0, 2, 3, 0.0035569667816162109, 0.00013494491577148438, 0.00013113021850585938, 2.288818359375e-05, 2.86102294921875e-06, 9.5367431640625e-07, 5.5074691772460938e-05, 0.0032091140747070312, 1000.0453978787334, 1000.0453978554423, 2.3292101808581347e-08, 7289, 7346, 5.94471, 1.07112, 1.76146, 0.354656, 1.24125, 0.00103045, 1.49418, 0.0210123, 
1e-6,2,4e+06,3.66384e+06,1,2,58, 52.0004, 15.992, 18.4918, 0, 0, 2, 3, 0.0026869773864746094, 4.6014785766601562e-05, 0.00011706352233886719, 1.1920928955078125e-05, 3.0994415283203125e-06, 0, 5.2928924560546875e-05, 0.0024559497833251953, 1000.0453978813, 1000.0453978638318, 1.7470695779336741e-08, 7291, 7349, 5.9474, 1.07133, 1.76199, 0.354681, 1.24141, 0.0010314, 1.49576, 0.0211952, 
1e-6,2,5e+06,3.66384e+06,1,2,59, 52.5652, 16.1942, 18.6738, 0, 0, 2, 3, 0.0018298625946044922, 8.7022781372070312e-05, 0.00021719932556152344, 3.8862228393554688e-05, 4.0531158447265625e-06, 0, 0.000247955322265625, 0.0012347698211669922, 1000.0453978828401, 1000.0453978688654, 1.3969929753075678e-08, 7293, 7352, 5.94923, 1.07165, 1.76257, 0.354732, 1.2416, 0.00103235, 1.49622, 0.0214293, 
1e-6,2,6e+06,3.66384e+06,1,2,60, 53.3375, 16.5043, 18.8741, 0, 0, 2, 3, 0.0017080307006835938, 8.8930130004882812e-05, 0.00011515617370605469, 2.9802322387695312e-05, 3.814697265625e-06, 0, 5.91278076171875e-05, 0.0014111995697021484, 1000.0453978838666, 1000.0453978722212, 1.164496106884934e-08, 7295, 7355, 5.95094, 1.07196, 1.76312, 0.354822, 1.24188, 0.00103235, 1.49657, 0.0215611, 
1e-6,2,7e+06,3.66384e+06,1,2,61, 54.481, 16.7484, 19.2707, 0, 0, 2, 3, 0.035156011581420898, 0.0021119117736816406, 0.0036969184875488281, 0.0026719570159912109, 3.814697265625e-06, 0, 0.0029749870300292969, 0.023696422576904297, 1000.0453978846001, 1000.0453978746182, 9.9807967759890279e-09, 7297, 7358, 5.98609, 1.07771, 1.77433, 0.358318, 1.24628, 0.00103235, 1.50605, 0.022372, 
1e-6,2,8e+06,3.66384e+06,1,2,62, 55.2044, 17.0161, 19.447, 0, 0, 2, 3, 0.0014309883117675781, 0.0001239776611328125, 0.00012803077697753906, 1.7881393432617188e-05, 2.86102294921875e-06, 0, 8.5115432739257812e-05, 0.0010731220245361328, 1000.0453978851502, 1000.0453978764159, 8.7400116436281471e-09, 7299, 7361, 5.98752, 1.07798, 1.77482, 0.358354, 1.24652, 0.00103331, 1.50635, 0.0224619, 
1e-6,2,9e+06,3.66384e+06,1,2,63, 56.0063, 17.2292, 19.7277, 0, 0, 2, 3, 0.0013239383697509766, 5.817413330078125e-05, 0.00011897087097167969, 2.6941299438476562e-05, 3.0994415283203125e-06, 0, 0.000102996826171875, 0.0010137557983398438, 1000.045397885578, 1000.0453978778143, 7.7622254525398814e-09, 7301, 7364, 5.98885, 1.07825, 1.77527, 0.358397, 1.24667, 0.00103331, 1.50664, 0.0225999, 
1e-6,2,1e+07,3.66384e+06,1,2,64, 57.0733, 17.4764, 19.947, 0, 0, 2, 3, 0.0027730464935302734, 6.5088272094726562e-05, 0.00031113624572753906, 0.00054907798767089844, 3.814697265625e-06, 0, 8.20159912109375e-05, 0.0017619132995605469, 1000.0453978859202, 1000.0453978789329, 6.9775261489881182e-09, 7303, 7367, 5.99162, 1.07865, 1.77611, 0.358959, 1.2469, 0.00103331, 1.50717, 0.0228, 
1e-6,2,2e+07,3.66384e+06,1,2,65, 57.6661, 17.7423, 20.0867, 0, 0, 2, 3, 0.0012111663818359375, 6.7949295043945312e-05, 0.00011706352233886719, 1.1920928955078125e-05, 2.86102294921875e-06, 0, 5.3167343139648438e-05, 0.00095820426940917969, 1000.0453978874602, 1000.0453978839666, 3.4820446516755233e-09, 7305, 7370, 5.99283, 1.07883, 1.77653, 0.358984, 1.24703, 0.00103426, 1.50737, 0.0230489, 
1e-6,2,3e+07,3.66384e+06,1,2,66, 59.2746, 18.5531, 20.26, 0, 0, 2, 3, 0.0015509128570556641, 0.00015091896057128906, 0.00016808509826660156, 3.3855438232421875e-05, 3.814697265625e-06, 9.5367431640625e-07, 0.00015306472778320312, 0.0010402202606201172, 1000.0453978879735, 1000.0453978856447, 2.3264341950309539e-09, 7307, 7373, 5.99438, 1.07914, 1.77708, 0.359055, 1.24722, 0.00103521, 1.50777, 0.0230868, 
1e-6,2,4e+07,3.66384e+06,1,2,67, 59.8487, 18.7675, 20.4099, 0, 0, 2, 3, 0.003070831298828125, 4.6014785766601562e-05, 0.00021600723266601562, 4.7922134399414062e-05, 4.0531158447265625e-06, 0, 9.3936920166015625e-05, 0.0026628971099853516, 1000.0453978882301, 1000.0453978864834, 1.7663357350993316e-09, 7309, 7376, 5.99745, 1.07936, 1.77776, 0.359127, 1.24738, 0.00103521, 1.50966, 0.0231259, 
1e-6,2,5e+07,3.66384e+06,1,2,68, 60.5116, 18.9921, 20.6776, 0, 0, 2, 3, 0.0057759284973144531, 0.00029492378234863281, 0.0003681182861328125, 0.00019884109497070312, 2.86102294921875e-06, 0, 0.00039601325988769531, 0.0045151710510253906, 1000.0453978883841, 1000.0453978869867, 1.3884858004327395e-09, 7311, 7379, 6.00323, 1.0802, 1.77965, 0.359339, 1.24775, 0.00103521, 1.51209, 0.0231638, 
1e-6,2,6e+07,3.66384e+06,1,2,69, 61.1223, 19.1912, 20.8868, 0, 0, 2, 3, 0.0011188983917236328, 7.2002410888671875e-05, 0.00015997886657714844, 1.621246337890625e-05, 3.814697265625e-06, 0, 5.1021575927734375e-05, 0.00081586837768554688, 1000.0453978884868, 1000.0453978873223, 1.1391787188619383e-09, 7313, 7382, 6.00435, 1.08042, 1.7801, 0.359379, 1.2479, 0.00103521, 1.51231, 0.0232036, 
1e-6,2,7e+07,3.66384e+06,1,2,70, 61.7433, 19.4017, 21.0601, 0, 0, 2, 3, 0.0014231204986572266, 9.2983245849609375e-05, 0.000141143798828125, 2.8848648071289062e-05, 3.814697265625e-06, 0, 0.00011014938354492188, 0.0010461807250976562, 1000.0453978885602, 1000.0453978875621, 1.0152169289120245e-09, 7315, 7385, 6.00577, 1.08073, 1.78065, 0.359435, 1.24807, 0.00103521, 1.51261, 0.0232399, 
1e-6,2,8e+07,3.66384e+06,1,2,71, 62.5071, 19.6711, 21.2248, 0, 0, 2, 3, 0.0010190010070800781, 5.0067901611328125e-05, 0.00011587142944335938, 1.2159347534179688e-05, 3.0994415283203125e-06, 0, 5.2928924560546875e-05, 0.00078487396240234375, 1000.0453978886152, 1000.0453978877418, 9.0179076673527897e-10, 7317, 7388, 6.00679, 1.08089, 1.78106, 0.35946, 1.24818, 0.00103521, 1.5128, 0.0233648, 
1e-6,2,9e+07,3.66384e+06,1,2,72, 63.8588, 20.4841, 21.3936, 0, 0, 2, 3, 0.0029659271240234375, 4.6014785766601562e-05, 0.00041103363037109375, 1.2159347534179688e-05, 4.0531158447265625e-06, 0, 6.9856643676757812e-05, 0.0024228096008300781, 1000.045397888658, 1000.0453978878818, 7.9031675181043368e-10, 7319, 7391, 6.00976, 1.08113, 1.78186, 0.35949, 1.24833, 0.00103521, 1.51451, 0.0234027, 
1e-6,2,1e+08,3.66384e+06,1,2,73, 64.7516, 20.7777, 21.5602, 0, 0, 2, 3, 0.0010700225830078125, 8.0108642578125e-05, 0.00011301040649414062, 1.0967254638671875e-05, 3.814697265625e-06, 0, 5.1021575927734375e-05, 0.00081110000610351562, 1000.0453978886923, 1000.0453978879937, 6.5649529482601516e-10, 7321, 7394, 6.01083, 1.08139, 1.78227, 0.359518, 1.24846, 0.00103617, 1.51471, 0.023443, 