?spgqp_err,K,epssqr,abserr,Theta0,Theta1,it all, t all, t gamma update, t gamma solve, t theta update, t theta solve, SPGQP it, SPGQP hessmult, SPGQP t all, SPGQP t project, SPGQP t matmult, SPGQP t dot, SPGQP t update, SPGQP t stepsize, SPGQP t fs, SPGQP t other, SPGQP fx, SPGQP fx_linear, SPGQP fx_quadratic, SPGQP_sum it, SPGQP_sum hessmult, SPGQP_sum t all, SPGQP_sum t project, SPGQP_sum t matmult, SPGQP_sum t dot, SPGQP_sum t update, SPGQP_sum t stepsize, SPGQP_sum t fs, SPGQP_sum t other, 
1e-6,2,1,4.76843e+06,1,2,1, 0.908488, 0.268326, 0.325953, 0, 0, 29, 30, 0.15681695938110352, 0.00029087066650390625, 0.0007801055908203125, 0.00023198127746582031, 0.00023889541625976562, 0, 0.00072813034057617188, 0.15454697608947754, 993.07700888878185, 992.3181817474283, 0.75882714135326457, 29, 30, 0.156817, 0.00966287, 0.0277169, 0.00688052, 0.0397, 1.09673e-05, 0.0243475, 0.0484982, 
1e-6,2,2,4.73886e+06,1,2,2, 1.69365, 0.56847, 0.567506, 0, 0, 39, 40, 0.13692879676818848, 0.00026178359985351562, 0.00077795982360839844, 0.00023102760314941406, 0.00023889541625976562, 0, 0.0007228851318359375, 0.13469624519348145, 993.74075814387402, 992.585511029896, 1.1552471139778637, 68, 70, 0.293746, 0.0216899, 0.0589192, 0.0159476, 0.0934687, 1.62125e-05, 0.0549479, 0.0487564, 
1e-6,2,3,4.71335e+06,1,2,3, 2.53962, 0.78022, 0.920491, 0, 0, 40, 41, 0.13874316215515137, 0.00026202201843261719, 0.00077009201049804688, 0.00023198127746582031, 0.00023913383483886719, 0, 0.00071978569030761719, 0.1365201473236084, 994.24870046968954, 992.91210068667272, 1.3365997830162186, 108, 111, 0.432489, 0.0327625, 0.0911529, 0.0252755, 0.14733, 2.38419e-05, 0.086854, 0.0490901, 
1e-6,2,4,4.69091e+06,1,2,4, 3.86473, 1.13561, 1.22611, 0, 0, 44, 45, 0.1549069881439209, 0.00026297569274902344, 0.00081396102905273438, 0.00023293495178222656, 0.00023412704467773438, 0, 0.00073790550231933594, 0.15262508392333984, 994.64427618097238, 993.2406004139691, 1.4036757670032558, 152, 156, 0.587396, 0.0450447, 0.127864, 0.0358291, 0.207225, 3.95775e-05, 0.121964, 0.0494294, 
1e-6,2,5,4.67085e+06,1,2,5, 4.83235, 1.36166, 1.68542, 0, 0, 55, 56, 0.19224810600280762, 0.00027394294738769531, 0.00096392631530761719, 0.00024390220642089844, 0.00024390220642089844, 0, 0.00076007843017578125, 0.18976235389709473, 994.95936083059667, 993.54492561594259, 1.4144352146536356, 207, 212, 0.779644, 0.0605218, 0.173609, 0.0493464, 0.280572, 4.52995e-05, 0.165662, 0.0498874, 
1e-6,2,6,4.65306e+06,1,2,6, 5.89677, 1.60436, 2.16039, 0, 0, 58, 59, 0.20093607902526855, 0.00026106834411621094, 0.00079298019409179688, 0.00023198127746582031, 0.0002269744873046875, 0, 0.00095987319946289062, 0.19846320152282715, 995.21618218828348, 993.81653633334292, 1.3996458549398965, 265, 271, 0.98058, 0.076834, 0.221015, 0.0631876, 0.357647, 5.81741e-05, 0.211473, 0.050365, 
1e-6,2,7,4.63676e+06,1,2,7, 6.77914, 1.86084, 2.53142, 0, 0, 68, 69, 0.23936295509338379, 0.00027608871459960938, 0.00081801414489746094, 0.00023102760314941406, 0.0002269744873046875, 0, 0.00080204010009765625, 0.23700881004333496, 995.43010840403178, 994.05585875491988, 1.3742496491122083, 333, 340, 1.21994, 0.0960872, 0.277973, 0.0797787, 0.449307, 7.10487e-05, 0.265976, 0.0507493, 
1e-6,2,8,4.62203e+06,1,2,8, 7.8478, 2.0876, 3.04516, 0, 0, 71, 72, 0.24249601364135742, 0.00026202201843261719, 0.00078892707824707031, 0.00017714500427246094, 0.0002269744873046875, 0, 0.0007419586181640625, 0.24029898643493652, 995.6117565841439, 994.26621107774031, 1.3455455064034583, 404, 412, 1.46244, 0.115361, 0.335472, 0.095124, 0.543963, 8.36849e-05, 0.321024, 0.0514104, 
1e-6,2,9,4.60797e+06,1,2,9, 8.93206, 2.30076, 3.60134, 0, 0, 79, 80, 0.27145218849182129, 0.00026392936706542969, 0.00077795982360839844, 0.00023198127746582031, 0.00023412704467773438, 0, 0.00072383880615234375, 0.26922035217285156, 995.7685623046948, 994.45184431963344, 1.3167179850618016, 483, 492, 1.73389, 0.138016, 0.399072, 0.114079, 0.649682, 9.46522e-05, 0.381181, 0.0517676, 
1e-6,2,10,4.59484e+06,1,2,10, 9.79757, 2.5202, 4.03839, 0, 0, 80, 81, 0.27531099319458008, 0.00026488304138183594, 0.00079011917114257812, 0.00023198127746582031, 0.00023794174194335938, 0, 0.0012869834899902344, 0.27249908447265625, 995.90585515189878, 994.61670419644258, 1.2891509554550769, 563, 573, 2.0092, 0.161022, 0.462795, 0.132783, 0.757653, 0.000105858, 0.442724, 0.052119, 
1e-6,2,20,4.49825e+06,1,2,11, 10.8697, 2.73403, 4.68699, 0, 0, 138, 139, 0.47335505485534668, 0.00027394294738769531, 0.00077199935913085938, 0.00023198127746582031, 0.00023913383483886719, 0, 0.00072503089904785156, 0.47111296653747559, 996.73065954944479, 995.64315152262805, 1.0875080268177721, 701, 712, 2.48256, 0.198723, 0.5734, 0.16568, 0.944657, 0.000126362, 0.547396, 0.0525746, 
1e-6,2,30,4.43118e+06,1,2,12, 12.0546, 2.94584, 5.48439, 0, 0, 183, 184, 0.62410688400268555, 0.00026106834411621094, 0.00078582763671875, 0.0002269744873046875, 0.00023388862609863281, 0, 0.00077295303344726562, 0.621826171875, 997.14725657638178, 996.17948465146731, 0.96777192491500186, 884, 896, 3.10666, 0.248734, 0.719019, 0.208211, 1.19083, 0.000154257, 0.686687, 0.0530331, 
1e-6,2,40,4.37899e+06,1,2,13, 13.6762, 3.19978, 6.54047, 0, 0, 250, 251, 0.84259891510009766, 0.00026106834411621094, 0.00079083442687988281, 0.00018000602722167969, 0.00023317337036132812, 0, 0.00072193145751953125, 0.84041190147399902, 997.41384407675844, 996.52751427864359, 0.886329798114735, 1134, 1147, 3.94926, 0.316463, 0.917062, 0.263327, 1.52459, 0.000196934, 0.874, 0.0536246, 
1e-6,2,50,4.33621e+06,1,2,14, 15.3885, 3.46048, 7.72412, 0, 0, 280, 281, 0.95862913131713867, 0.000263214111328125, 0.00079202651977539062, 0.00019788742065429688, 0.00023293495178222656, 0, 0.00073003768920898438, 0.95641303062438965, 997.60485466893897, 996.77870021216461, 0.82615445677401866, 1414, 1428, 4.90789, 0.393864, 1.14266, 0.323255, 1.90348, 0.000252485, 1.09014, 0.054244, 
1e-6,2,60,4.3005e+06,1,2,15, 17.2557, 3.70901, 9.05968, 0, 0, 325, 326, 1.1017770767211914, 0.00026106834411621094, 0.00085997581481933594, 0.00017595291137695312, 0.0002269744873046875, 0, 0.00073790550231933594, 1.0995151996612549, 997.751157415487, 996.97206261419456, 0.77909480129285413, 1739, 1754, 6.00967, 0.481805, 1.40472, 0.393462, 2.33792, 0.000306845, 1.33663, 0.0548298, 
1e-6,2,70,4.26941e+06,1,2,16, 19.2089, 3.94776, 10.5685, 0, 0, 362, 363, 1.2208161354064941, 0.0002880096435546875, 0.00090503692626953125, 0.00019001960754394531, 0.00023913383483886719, 0, 0.00074005126953125, 1.2184538841247559, 997.86829283817303, 997.12736630758945, 0.7409265305846946, 2101, 2117, 7.23049, 0.579759, 1.69721, 0.471676, 2.81603, 0.000379562, 1.61002, 0.0554135, 
1e-6,2,80,4.24308e+06,1,2,17, 21.5813, 4.20539, 12.4301, 0, 0, 499, 500, 1.6879551410675049, 0.00026798248291015625, 0.00078892707824707031, 0.00017714500427246094, 0.00023102760314941406, 0, 0.00072598457336425781, 1.6857640743255615, 997.96509883581086, 997.25579581655211, 0.70930301925742634, 2600, 2617, 8.91844, 0.719226, 2.10313, 0.571688, 3.47784, 0.000462294, 1.98988, 0.0562122, 
1e-6,2,90,4.22043e+06,1,2,18, 23.8434, 4.42897, 14.2407, 0, 0, 487, 488, 1.6290390491485596, 0.00027298927307128906, 0.00077199935913085938, 0.00019884109497070312, 0.0002269744873046875, 0, 0.00075817108154296875, 1.6268100738525391, 998.04705483301439, 997.36453078226168, 0.68252405075173539, 3087, 3105, 10.5475, 0.850253, 2.49631, 0.66717, 4.11986, 0.000564337, 2.35632, 0.0570025, 
1e-6,2,100,4.20045e+06,1,2,19, 26.5344, 4.71161, 16.3269, 0, 0, 555, 556, 1.8558828830718994, 0.00029897689819335938, 0.00079083442687988281, 0.00017690658569335938, 0.00023007392883300781, 0, 0.00073289871215820312, 1.8536531925201416, 998.11773905912708, 997.45833732748326, 0.65940173164368465, 3642, 3661, 12.4034, 0.999404, 2.94124, 0.776293, 4.85308, 0.000665426, 2.77487, 0.0578094, 
1e-6,2,200,4.06916e+06,1,2,20, 31.8244, 5.2301, 20.769, 0, 0, 1324, 1325, 4.4413900375366211, 0.00027298927307128906, 0.00079298019409179688, 0.00017786026000976562, 0.0002269744873046875, 0, 0.00073599815368652344, 4.439183235168457, 998.52629784979695, 998.00210431773746, 0.5241935320591371, 4966, 4986, 16.8448, 1.35822, 4.01422, 1.02944, 6.60687, 0.000864744, 3.77592, 0.0592232, 
1e-6,2,300,4.00082e+06,1,2,21, 38.6531, 5.57461, 26.9816, 0, 0, 1814, 1815, 6.0629270076751709, 0.00026011466979980469, 0.00079107284545898438, 0.00017595291137695312, 0.00022721290588378906, 0, 0.0007648468017578125, 6.0607078075408936, 998.72512521012425, 998.26697074912852, 0.45815446099624579, 6780, 6801, 22.9077, 1.84904, 5.48151, 1.36913, 9.00045, 0.00114179, 5.14538, 0.0610223, 
1e-6,2,400,3.9567e+06,1,2,22, 46.2757, 5.82106, 34.04, 0, 0, 2025, 2026, 6.7691731452941895, 0.00025987625122070312, 0.00079607963562011719, 0.00017786026000976562, 0.0002269744873046875, 0, 0.0007381439208984375, 6.7669742107391357, 998.85084855653338, 998.43399211286805, 0.41685644366585528, 8805, 8827, 29.6769, 2.39265, 7.11485, 1.7489, 11.678, 0.00145173, 6.67811, 0.0629044, 
1e-6,2,500,3.92934e+06,1,2,23, 55.2096, 6.03173, 42.4547, 0, 0, 2428, 2429, 8.1311860084533691, 0.00026917457580566406, 0.0010969638824462891, 0.00030016899108886719, 0.00024199485778808594, 0, 0.00091600418090820312, 8.128361701965332, 998.94052708905087, 998.55261299799133, 0.38791409105919578, 11233, 11256, 37.808, 3.05021, 9.07438, 2.20438, 14.9003, 0.001863, 8.51169, 0.065228, 
1e-6,2,600,3.91319e+06,1,2,24, 63.9402, 6.25934, 50.7896, 0, 0, 2455, 2456, 8.1752409934997559, 0.00026106834411621094, 0.00077915191650390625, 0.00017499923706054688, 0.0002269744873046875, 0, 0.00077390670776367188, 8.1730248928070068, 999.00921476529311, 998.64283576225193, 0.36637900304081916, 13688, 13712, 45.9833, 3.71262, 11.0482, 2.66422, 18.1341, 0.00227761, 10.3543, 0.0675118, 
1e-6,2,700,3.90249e+06,1,2,25, 73.9316, 6.56836, 60.2216, 0, 0, 2779, 2780, 9.2248029708862305, 0.00026106834411621094, 0.00077986717224121094, 0.00017905235290527344, 0.00022792816162109375, 0, 0.00072503089904785156, 9.2226300239562988, 999.06429732696097, 998.71511072198064, 0.34918660497995646, 16467, 16492, 55.2081, 4.46088, 13.268, 3.1762, 21.7932, 0.0027802, 12.4369, 0.0700314, 
1e-6,2,800,3.89517e+06,1,2,26, 86.9153, 6.77945, 72.7036, 0, 0, 3669, 3670, 12.185506105422974, 0.0002689361572265625, 0.00079488754272460938, 0.00017595291137695312, 0.0002269744873046875, 0, 0.00074481964111328125, 12.183294534683228, 999.10992884295104, 998.77486880872766, 0.3350600342232552, 20136, 20162, 67.3936, 5.44481, 16.2051, 3.85116, 26.6294, 0.00340128, 15.1866, 0.0731225, 
1e-6,2,900,3.8907e+06,1,2,27, 101.028, 6.98974, 86.4526, 0, 0, 4005, 4006, 13.550022840499878, 0.00027394294738769531, 0.00077891349792480469, 0.00017404556274414062, 0.0002269744873046875, 0, 0.00073099136352539062, 13.547837972640991, 999.14864200416946, 998.82551221013091, 0.3231297940372746, 24141, 24168, 80.9436, 6.56149, 19.4588, 4.6094, 31.9814, 0.00406623, 18.2518, 0.0765591, 
1e-6,2,1000,3.88767e+06,1,2,28, 116.886, 7.30356, 101.743, 0, 0, 4545, 4546, 15.181500911712646, 0.00026202201843261719, 0.00081491470336914062, 0.00017690658569335938, 0.00023818016052246094, 0, 0.00071787834167480469, 15.179291009902954, 999.18211470950848, 998.86914218741902, 0.31297252208965942, 28686, 28714, 96.1251, 7.79717, 23.018, 5.45312, 38.1317, 0.00474334, 21.6397, 0.080688, 
1e-6,2,2000,3.90274e+06,1,2,29, 145.531, 7.53715, 129.919, 0, 0, 8320, 8321, 28.037415981292725, 0.00025987625122070312, 0.00076603889465332031, 0.00017690658569335938, 0.00023698806762695312, 0, 0.000720977783203125, 28.035255193710327, 999.37783349331846, 999.12288172856529, 0.25495176475251441, 37006, 37035, 124.163, 10.0869, 29.6117, 7.01002, 49.4516, 0.00589466, 27.9087, 0.0878186, 
1e-6,2,3000,3.93545e+06,1,2,30, 174.658, 7.87059, 158.406, 0, 0, 8475, 8476, 28.322134017944336, 0.00027203559875488281, 0.00079894065856933594, 0.00021004676818847656, 0.00025391578674316406, 0, 0.0007190704345703125, 28.31988000869751, 999.47476379763009, 999.24786914420156, 0.22689465342882828, 45481, 45511, 152.485, 12.386, 36.2491, 8.57988, 60.9446, 0.0072, 34.2229, 0.0950351, 
1e-6,2,4000,3.96451e+06,1,2,31, 199.772, 8.22078, 182.909, 0, 0, 7315, 7316, 24.389698028564453, 0.00026392936706542969, 0.00076603889465332031, 0.00017404556274414062, 0.00023412704467773438, 0, 0.00074887275695800781, 24.387511014938354, 999.53705077741529, 999.32642207639935, 0.21062870101590822, 52796, 52827, 176.874, 14.3628, 41.9863, 9.92465, 70.8289, 0.00827718, 39.6621, 0.101282, 
1e-6,2,5000,3.99296e+06,1,2,32, 228.396, 8.45916, 211.046, 0, 0, 8266, 8267, 27.820042848587036, 0.00026416778564453125, 0.00076389312744140625, 0.00017714500427246094, 0.00023388862609863281, 0, 0.00072407722473144531, 27.817879676818848, 999.58201410709034, 999.3832567834088, 0.19875732368283316, 61062, 61094, 204.694, 16.6315, 48.5392, 11.4767, 82.0371, 0.0095253, 45.8923, 0.108128, 
1e-6,2,6000,4.02051e+06,1,2,33, 258.016, 8.69407, 240.161, 0, 0, 8610, 8611, 28.781272172927856, 0.0003070831298828125, 0.00077199935913085938, 0.00017499923706054688, 0.00023388862609863281, 0, 0.00086808204650878906, 28.778916120529175, 999.61681334669493, 999.42704070409241, 0.18977264260229826, 69672, 69705, 233.476, 18.9624, 55.3021, 13.0612, 93.6389, 0.0108359, 52.3847, 0.115461, 
1e-6,2,7000,4.04582e+06,1,2,34, 292.761, 8.93857, 274.427, 0, 0, 10122, 10123, 33.929378032684326, 0.00026082992553710938, 0.00080585479736328125, 0.00019598007202148438, 0.00023388862609863281, 0, 0.00075602531433105469, 33.927125453948975, 999.64456693086026, 999.46301081127149, 0.18155611958898105, 79794, 79828, 267.405, 21.7105, 63.3751, 14.9375, 107.252, 0.0126228, 59.994, 0.123447, 
1e-6,2,8000,4.06833e+06,1,2,35, 325.911, 9.21626, 307.026, 0, 0, 9604, 9605, 32.338788032531738, 0.00026202201843261719, 0.00077795982360839844, 0.00017595291137695312, 0.00023508071899414062, 0, 0.0010290145874023438, 32.336308002471924, 999.66800150160213, 999.49233849243808, 0.17566300916370584, 89398, 89433, 299.744, 24.3374, 71.0491, 16.7339, 120.242, 0.0142612, 67.2364, 0.131059, 
1e-6,2,9000,4.08908e+06,1,2,36, 361.117, 9.44031, 341.738, 0, 0, 10351, 10352, 34.458672046661377, 0.00026917457580566406, 0.00077700614929199219, 0.000186920166015625, 0.00023508071899414062, 0, 0.00074791908264160156, 34.456455945968628, 999.68777676666718, 999.51781694089232, 0.16995982577495711, 99749, 99785, 334.203, 27.1341, 79.264, 18.6418, 134.055, 0.0160677, 74.9527, 0.139201, 
1e-6,2,10000,4.10884e+06,1,2,37, 396.097, 9.65241, 376.182, 0, 0, 10233, 10234, 34.020232915878296, 0.00025987625122070312, 0.00078082084655761719, 0.00017499923706054688, 0.0002269744873046875, 0, 0.00072383880615234375, 34.01806640625, 999.70511792563104, 999.53961915783475, 0.16549876779761252, 109982, 110019, 368.223, 29.8968, 87.4755, 20.5087, 147.56, 0.0177166, 82.6164, 0.147291, 
1e-6,2,20000,4.21996e+06,1,2,38, 443.821, 10.0116, 423.132, 0, 0, 14014, 14015, 46.852411031723022, 0.00025796890258789062, 0.00078415870666503906, 0.00028681755065917969, 0.00023889541625976562, 1.1920928955078125e-06, 0.00072193145751953125, 46.850120067596436, 999.80927661870078, 999.65845690656477, 0.15081971213750642, 123996, 124034, 415.075, 33.7223, 98.7801, 23.0889, 166.151, 0.0200205, 93.1545, 0.158237, 
1e-6,2,30000,4.27989e+06,1,2,39, 487.08, 10.2294, 465.961, 0, 0, 12825, 12826, 42.627646923065186, 0.00026392936706542969, 0.00078797340393066406, 0.00017404556274414062, 0.00023007392883300781, 0, 0.0007228851318359375, 42.625468015670776, 999.86397407078186, 999.71658365843052, 0.14739041235226702, 136821, 136860, 457.703, 37.1713, 109.058, 25.4306, 183.103, 0.0221474, 102.749, 0.168397, 
1e-6,2,40000,4.32073e+06,1,2,40, 532.197, 10.4546, 510.582, 0, 0, 13390, 13391, 44.270827054977417, 0.00026702880859375, 0.00080704689025878906, 0.00017309188842773438, 0.00022792816162109375, 0, 0.00093603134155273438, 44.268415927886963, 999.89989092756446, 999.75398959634094, 0.14590133122305182, 150211, 150251, 501.974, 40.7552, 119.784, 27.8607, 200.649, 0.0243976, 112.722, 0.178919, 
1e-6,2,50000,4.34819e+06,1,2,41, 576.975, 10.7569, 554.731, 0, 0, 13226, 13227, 43.969145059585571, 0.00026082992553710938, 0.00081086158752441406, 0.00017499923706054688, 0.0002269744873046875, 0, 0.00072884559631347656, 43.966942548751831, 999.92723993757909, 999.77956256204266, 0.14767737553653196, 163437, 163478, 545.943, 44.323, 130.394, 30.2777, 218.088, 0.0266309, 122.644, 0.189344, 
1e-6,2,60000,4.3652e+06,1,2,42, 618.792, 11.1004, 595.894, 0, 0, 12358, 12359, 41.027256011962891, 0.00026202201843261719, 0.00076508522033691406, 0.00017690658569335938, 0.00023698806762695312, 0, 0.00072884559631347656, 41.025086164474487, 999.95114796006646, 999.79751238645338, 0.15363557361356356, 175795, 175837, 586.97, 47.6328, 140.02, 32.5446, 234.785, 0.0284915, 131.758, 0.200048, 
1e-6,2,70000,4.3772e+06,1,2,43, 660.491, 11.4411, 636.92, 0, 0, 12244, 12245, 40.850653171539307, 0.00027012825012207031, 0.00076699256896972656, 0.00017714500427246094, 0.00023698806762695312, 0, 0.00072717666625976562, 40.848474740982056, 999.97111936184206, 999.81202958846541, 0.15908977337724428, 188039, 188082, 627.821, 50.9526, 149.606, 34.8066, 251.359, 0.0303969, 140.856, 0.210367, 
1e-6,2,80000,4.38276e+06,1,2,44, 703.099, 11.6686, 679.061, 0, 0, 12071, 12072, 41.757372856140137, 0.00026392936706542969, 0.00076985359191894531, 0.00020718574523925781, 0.00023698806762695312, 0, 0.00072383880615234375, 41.755171060562134, 999.98950698729641, 999.82347310216858, 0.16603388512809822, 200110, 200154, 669.578, 54.429, 159.48, 37.1131, 268.038, 0.0321791, 150.265, 0.220994, 
1e-6,2,90000,4.38768e+06,1,2,45, 745.05, 11.9405, 720.453, 0, 0, 12205, 12206, 40.979459047317505, 0.00026702880859375, 0.0010559558868408203, 0.00022792816162109375, 0.00024890899658203125, 0, 0.00076603889465332031, 40.976893186569214, 1000.0040151644723, 999.83386540901574, 0.17014975545757921, 212315, 212360, 710.558, 57.7564, 169.108, 39.3771, 284.632, 0.0340025, 159.418, 0.23136, 
1e-6,2,100000,4.39169e+06,1,2,46, 786.347, 12.1651, 761.289, 0, 0, 11820, 11821, 40.583858966827393, 0.00026011466979980469, 0.00078582763671875, 0.00029897689819335938, 0.00024890899658203125, 0, 0.00072503089904785156, 40.581540107727051, 1000.0198977054961, 999.84104511758142, 0.17885258791430669, 224135, 224181, 751.141, 61.1052, 178.664, 41.6282, 300.916, 0.0357692, 168.551, 0.241438, 
1e-6,2,200000,4.42376e+06,1,2,47, 830.45, 12.3867, 804.893, 0, 0, 11191, 11192, 43.328797101974487, 0.00043511390686035156, 0.0010559558868408203, 0.00032711029052734375, 0.00025010108947753906, 0, 0.00093889236450195312, 43.325789928436279, 1000.1531746205104, 999.87232718473251, 0.28084743577890819, 235326, 235373, 794.47, 65.0679, 189.012, 43.9771, 317.538, 0.0374188, 178.586, 0.251224, 
1e-6,2,300000,4.43228e+06,1,2,48, 872.365, 12.6046, 846.288, 0, 0, 10589, 10590, 41.108082056045532, 0.00026202201843261719, 0.00076508522033691406, 0.00019788742065429688, 0.00023722648620605469, 0, 0.00072979927062988281, 41.105890035629272, 1000.2607208669751, 999.88635968875974, 0.37436117821527293, 245915, 245963, 835.578, 68.8199, 198.812, 46.2449, 333.192, 0.0388858, 188.211, 0.260254, 
1e-6,2,400000,4.43042e+06,1,2,49, 901.982, 12.8163, 875.378, 0, 0, 8623, 8624, 28.792552947998047, 0.00027394294738769531, 0.0007648468017578125, 0.00017809867858886719, 0.00023698806762695312, 0, 0.000720977783203125, 28.790378093719482, 1000.3857318786233, 999.88992745788892, 0.49580442073523212, 254538, 254587, 864.371, 71.1712, 205.554, 47.8397, 344.87, 0.0401487, 194.628, 0.267822, 
1e-6,2,500000,4.4319e+06,1,2,50, 930.485, 13.0276, 903.423, 0, 0, 8386, 8387, 27.801184892654419, 0.00026011466979980469, 0.00076508522033691406, 0.00017786026000976562, 0.00023698806762695312, 0, 0.00072479248046875, 27.799020051956177, 1000.5060373355492, 999.892869637692, 0.61316769785833902, 262924, 262974, 892.172, 73.4097, 212.073, 49.3772, 356.187, 0.0414236, 200.809, 0.274962, 
1e-6,2,600000,4.43525e+06,1,2,51, 961.912, 13.3512, 934.196, 0, 0, 7765, 7766, 30.526853799819946, 0.00026202201843261719, 0.00078988075256347656, 0.00017714500427246094, 0.00023698806762695312, 0, 0.00072789192199707031, 30.524659872055054, 1000.5866688090402, 999.89910546567228, 0.68756334336804137, 270689, 270740, 922.699, 76.2041, 219.373, 51.0416, 367.788, 0.0425386, 207.968, 0.281629, 
1e-6,2,700000,4.42753e+06,1,2,52, 985.132, 13.5935, 956.887, 0, 0, 5967, 5968, 22.44836688041687, 0.00026106834411621094, 0.0007648468017578125, 0.00017714500427246094, 0.00023698806762695312, 0, 0.00077891349792480469, 22.446147918701172, 1000.7363975677623, 999.89701235280302, 0.83938521495919494, 276656, 276708, 945.147, 78.212, 224.72, 52.2796, 376.456, 0.0434725, 213.15, 0.286822, 
1e-6,2,800000,4.42632e+06,1,2,53, 1011.52, 13.8151, 982.755, 0, 0, 6615, 6616, 25.580003023147583, 0.00026106834411621094, 0.0007648468017578125, 0.00017809867858886719, 0.00023794174194335938, 0, 0.00074505805969238281, 25.577816009521484, 1000.8342066840612, 999.89943850267628, 0.93476818138629314, 283271, 283324, 970.727, 80.5406, 230.796, 53.707, 386.219, 0.0444901, 219.127, 0.292849, 
1e-6,2,900000,4.42865e+06,1,2,54, 1032.42, 14.0587, 1003.12, 0, 0, 5837, 5838, 20.110347986221313, 0.00025987625122070312, 0.00076508522033691406, 0.00017690658569335938, 0.00023818016052246094, 0, 0.0007228851318359375, 20.108185052871704, 1000.9000095588794, 999.9039615506598, 0.99604800821897366, 289108, 289162, 990.838, 82.1955, 235.555, 54.8219, 394.285, 0.0453868, 223.637, 0.297765, 
1e-6,2,1e+06,4.43048e+06,1,2,55, 1044.37, 14.2699, 1014.56, 0, 0, 3509, 3510, 11.129593849182129, 0.00026011466979980469, 0.00062680244445800781, 0.00024318695068359375, 0.0002269744873046875, 0, 0.0007228851318359375, 11.127513885498047, 1001.0173055167591, 999.90509681882236, 1.112208697935976, 292617, 292672, 1001.97, 83.1286, 237.671, 55.7003, 398.886, 0.0460229, 226.234, 0.301073, 
1e-6,2,2e+06,4.43539e+06,1,2,56, 1059.89, 14.4817, 1029.69, 0, 0, 4512, 4513, 14.822253942489624, 0.00026202201843261719, 0.00078797340393066406, 0.00017499923706054688, 0.0002269744873046875, 0, 0.00073003768920898438, 14.820071935653687, 1002.0230924517807, 999.91109537326167, 2.1119970785184008, 297129, 297185, 1016.79, 84.3325, 241.236, 56.5212, 404.786, 0.0467918, 229.562, 0.304831, 
1e-6,2,3e+06,4.4326e+06,1,2,57, 1070.6, 14.7542, 1039.8, 0, 0, 2997, 2998, 9.8559060096740723, 0.00026106834411621094, 0.00077915191650390625, 0.00017690658569335938, 0.0002269744873046875, 0, 0.00072216987609863281, 9.8537397384643555, 1003.3306522480564, 999.90778470978364, 3.4228675382718952, 300126, 300183, 1026.65, 85.1304, 243.599, 57.0709, 408.717, 0.0472846, 231.774, 0.307471, 
1e-6,2,4e+06,4.44587e+06,1,2,58, 1082.19, 15.0139, 1050.78, 0, 0, 3099, 3100, 10.234469175338745, 0.00026106834411621094, 0.00077795982360839844, 0.00017404556274414062, 0.0002269744873046875, 0, 0.000720977783203125, 10.232308149337769, 1003.6046139933917, 999.9223472999729, 3.682266693419685, 303225, 303283, 1036.88, 85.9594, 246.06, 57.6393, 412.798, 0.0477846, 234.064, 0.310212, 
1e-6,2,5e+06,4.43196e+06,1,2,59, 1099.96, 15.2324, 1068.15, 0, 0, 4691, 4692, 17.147407054901123, 0.00031805038452148438, 0.00092196464538574219, 0.00027108192443847656, 0.00023889541625976562, 0, 0.0011410713195800781, 17.144515991210938, 1005.5007400948623, 999.90984271431785, 5.5908973805432902, 307916, 307975, 1054.03, 87.4699, 250.215, 58.5953, 419.363, 0.048533, 238.022, 0.314098, 
1e-6,2,6e+06,4.43345e+06,1,2,60, 1118.62, 15.4979, 1086.21, 0, 0, 4855, 4856, 17.868645191192627, 0.00026297569274902344, 0.00077795982360839844, 0.00017499923706054688, 0.0002269744873046875, 0, 0.00072312355041503906, 17.866479158401489, 1006.4024488270898, 999.91213582410035, 6.4903130029900415, 312771, 312831, 1071.9, 89.0756, 254.536, 59.6093, 426.168, 0.0492678, 242.14, 0.318183, 
1e-6,2,7e+06,4.44483e+06,1,2,61, 1130.31, 15.7558, 1097.37, 0, 0, 2552, 2553, 10.610614061355591, 0.0029909610748291016, 0.0029940605163574219, 0.00044918060302734375, 0.00023889541625976562, 0, 0.0043070316314697266, 10.599633932113647, 1006.3024755693214, 999.92342862493626, 6.3790469443845881, 315323, 315384, 1082.51, 90.0959, 257.12, 60.192, 430.067, 0.0496631, 244.661, 0.320745, 
1e-6,2,8e+06,4.43273e+06,1,2,62, 1144.94, 15.9675, 1111.56, 0, 0, 3531, 3532, 13.897387027740479, 0.00026011466979980469, 0.00079298019409179688, 0.00017690658569335938, 0.0002269744873046875, 0, 0.00073695182800292969, 13.895193099975586, 1008.1379242976159, 999.91567464419973, 8.2222496534160552, 318854, 318916, 1096.4, 91.367, 260.538, 60.9694, 435.224, 0.0502775, 247.932, 0.323678, 
1e-6,2,9e+06,4.44696e+06,1,2,63, 1158.07, 16.1854, 1124.26, 0, 0, 3064, 3065, 12.411474943161011, 0.00025892257690429688, 0.00079488754272460938, 0.00017714500427246094, 0.00022792816162109375, 0, 0.00074100494384765625, 12.409275054931641, 1008.0586200072319, 999.92808615112233, 8.1305338561079843, 321918, 321981, 1108.82, 92.484, 263.619, 61.6598, 439.824, 0.0507586, 250.851, 0.326387, 
1e-6,2,1e+07,4.42831e+06,1,2,64, 1174.71, 16.4462, 1140.43, 0, 0, 4167, 4168, 16.034550189971924, 0.00037384033203125, 0.00079178810119628906, 0.00017809867858886719, 0.00022602081298828125, 0, 0.00074315071105957031, 16.03223729133606, 1010.8102280993314, 999.91247656352061, 10.897751535810587, 326085, 326149, 1124.85, 93.9351, 267.552, 62.5446, 445.833, 0.0514641, 254.603, 0.33047, 
1e-6,2,2e+07,4.43255e+06,1,2,65, 1189.67, 16.6566, 1154.87, 0, 0, 4065, 4066, 14.159500122070312, 0.00026202201843261719, 0.00079107284545898438, 0.00019097328186035156, 0.0002269744873046875, 0, 0.00072717666625976562, 14.157301902770996, 1019.7223619096271, 999.91871912393572, 19.803642785691103, 330150, 330215, 1139.01, 95.1285, 270.969, 63.3347, 451.36, 0.0521762, 257.832, 0.334027, 
1e-6,2,3e+07,4.42712e+06,1,2,66, 1200.78, 16.8681, 1165.58, 0, 0, 2963, 2964, 10.539901971817017, 0.00035500526428222656, 0.00084996223449707031, 0.00017714500427246094, 0.00022602081298828125, 0, 0.00073504447937011719, 10.537558794021606, 1031.5239450372637, 999.91526577384684, 31.608679263417283, 333113, 333179, 1149.55, 96.0366, 273.539, 63.9176, 455.424, 0.0526557, 260.242, 0.336735, 
1e-6,2,4e+07,4.43264e+06,1,2,67, 1216.18, 17.0807, 1180.53, 0, 0, 4400, 4401, 14.724786996841431, 0.00026106834411621094, 0.0007991790771484375, 0.00018000602722167969, 0.0002269744873046875, 0, 0.00073099136352539062, 14.722588777542114, 1038.0093926794752, 999.92170682586584, 38.087685853609806, 337513, 337580, 1164.27, 97.2483, 277.086, 64.7452, 461.231, 0.0534072, 263.57, 0.340491, 
1e-6,2,5e+07,4.42708e+06,1,2,68, 1224.23, 17.2913, 1188.09, 0, 0, 2190, 2191, 7.2676899433135986, 0.00026488304138183594, 0.00078606605529785156, 0.00017714500427246094, 0.0002269744873046875, 0, 0.00073790550231933594, 7.2654969692230225, 1052.0562876905444, 999.91679120753327, 52.139496483011811, 339703, 339771, 1171.54, 97.8329, 278.837, 65.1525, 464.11, 0.0537624, 265.212, 0.342647, 
1e-6,2,6e+07,4.42439e+06,1,2,69, 1236.61, 17.5022, 1199.91, 0, 0, 3480, 3481, 11.531885147094727, 0.00025987625122070312, 0.00080800056457519531, 0.00017595291137695312, 0.0002269744873046875, 0, 0.00073313713073730469, 11.529681205749512, 1063.1266384803648, 999.91554873464065, 63.211089745725538, 343183, 343252, 1183.07, 98.766, 281.61, 65.7901, 468.701, 0.0543306, 267.807, 0.345651, 
1e-6,2,7e+07,4.42375e+06,1,2,70, 1247.1, 17.7146, 1209.89, 0, 0, 2926, 2927, 9.7557601928710938, 0.00026297569274902344, 0.00081014633178710938, 0.00017690658569335938, 0.00023412704467773438, 0, 0.00075984001159667969, 9.7535161972045898, 1073.4542552423497, 999.91567001040494, 73.53858523194512, 346109, 346179, 1192.83, 99.5541, 283.907, 66.3346, 472.647, 0.0547278, 269.983, 0.348388, 
1e-6,2,8e+07,4.423e+06,1,2,71, 1262.63, 17.9614, 1224.33, 0, 0, 4068, 4069, 14.164247989654541, 0.00026106834411621094, 0.00079584121704101562, 0.00019097328186035156, 0.00023388862609863281, 0, 0.00072312355041503906, 14.16204309463501, 1082.676996037047, 999.91655350810754, 82.760442528938952, 350177, 350248, 1206.99, 100.762, 287.277, 67.1218, 478.25, 0.0553348, 273.175, 0.352159, 
1e-6,2,9e+07,4.42098e+06,1,2,72, 1281.54, 18.1762, 1242.73, 0, 0, 5091, 5092, 18.089446783065796, 0.00025987625122070312, 0.00076985359191894531, 0.00017714500427246094, 0.00023388862609863281, 0, 0.00072598457336425781, 18.087280035018921, 1093.2225778946627, 999.91627518844598, 93.306302706217565, 355268, 355340, 1225.08, 102.285, 291.579, 68.1269, 485.387, 0.0561161, 277.292, 0.356664, 
1e-6,2,1e+08,4.42046e+06,1,2,73, 1296.72, 18.3889, 1257.39, 0, 0, 3623, 3624, 14.39657998085022, 0.00025987625122070312, 0.00077199935913085938, 0.00018095970153808594, 0.00023412704467773438, 0, 0.00075888633728027344, 14.394374132156372, 1105.612580972067, 999.91545697809363, 105.69712399397281, 358891, 358964, 1239.48, 103.638, 295.016, 68.9151, 490.826, 0.0566783, 280.668, 0.359934, 