spgqp_err,K,epssqr,abserr,Theta0,Theta1,it all, t all, t gamma update, t gamma solve, t theta update, t theta solve, SPGQP it, SPGQP hessmult, SPGQP t all, SPGQP t project, SPGQP t matmult, SPGQP t dot, SPGQP t update, SPGQP t stepsize, SPGQP t fs, SPGQP t other, SPGQP fx, SPGQP fx_linear, SPGQP fx_quadratic, SPGQP_sum it, SPGQP_sum hessmult, SPGQP_sum t all, SPGQP_sum t project, SPGQP_sum t matmult, SPGQP_sum t dot, SPGQP_sum t update, SPGQP_sum t stepsize, SPGQP_sum t fs, SPGQP_sum t other, 
1e-6,2,1,4.09781e+07,1,2,1, 9.74354, 0.191449, 8.81145, 0, 0, 68, 69, 8.1589808464050293, 0.017426967620849609, 0.029699087142944336, 0.018203020095825195, 2.5033950805664062e-05, 0, 0.033660888671875, 8.0599658489227295, 8.6017308810637179, 8.18425194415269, 0.41747893691102755, 68, 69, 8.15898, 1.20562, 2.17793, 1.24133, 1.13864, 4.31538e-05, 2.37457, 0.0208354, 
1e-6,2,2,4.09781e+07,1,2,2, 11.1727, 0.334997, 9.344, 0, 0, 1, 2, 0.22305607795715332, 0.017973899841308594, 0.029749870300292969, 0.018681049346923828, 2.4080276489257812e-05, 0, 0.034029006958007812, 0.12259817123413086, 9.0192097752770568, 8.1842519995799847, 0.83495777569707019, 69, 71, 8.38204, 1.24108, 2.23657, 1.26001, 1.15466, 4.41074e-05, 2.44302, 0.0466485, 
1e-6,2,3,4.09781e+07,1,2,3, 12.4215, 0.480921, 9.6776, 0, 0, 1, 2, 0.21510720252990723, 0.017534971237182617, 0.030043840408325195, 0.017918825149536133, 2.5033950805664062e-05, 0, 0.033583879470825195, 0.11600065231323242, 9.4366884522218601, 8.1842521519705116, 1.2524363002513486, 70, 73, 8.59714, 1.27562, 2.29581, 1.27793, 1.17075, 4.50611e-05, 2.50956, 0.0674248, 
1e-6,2,4,3.63088e+07,1,2,4, 32.8035, 0.624486, 29.2247, 0, 0, 167, 168, 19.323559999465942, 0.017534971237182617, 0.029999017715454102, 0.01804804801940918, 2.5033950805664062e-05, 0, 0.033688068389892578, 19.224264860153198, 9.1753919824862926, 8.8086992059880025, 0.36669277649828974, 237, 241, 27.9207, 4.20238, 7.33803, 4.27738, 3.84841, 0.000131369, 8.16306, 0.0913193, 
1e-6,2,5,3.63088e+07,1,2,5, 34.0537, 0.768203, 29.5855, 0, 0, 1, 2, 0.21732091903686523, 0.017376899719238281, 0.03002619743347168, 0.017891883850097656, 2.6226043701171875e-05, 0, 0.033567905426025391, 0.11843180656433105, 9.2670651682753906, 8.8086992407615554, 0.45836592751383487, 238, 243, 28.138, 4.23669, 7.39726, 4.29527, 3.86442, 0.000132322, 8.23002, 0.114233, 
1e-6,2,6,3.63088e+07,1,2,6, 35.346, 0.912965, 29.9809, 0, 0, 1, 2, 0.21613407135009766, 0.017360925674438477, 0.030073881149291992, 0.017827033996582031, 2.5033950805664062e-05, 0, 0.033590078353881836, 0.11725711822509766, 9.3587383184529962, 8.8086993165537386, 0.55003900189925758, 239, 245, 28.3542, 4.27088, 7.45661, 4.3131, 3.88058, 0.000132322, 8.29668, 0.136185, 
1e-6,2,7,3.63088e+07,1,2,7, 36.6002, 1.05646, 30.4505, 0, 0, 1, 2, 0.21735906600952148, 0.017410993576049805, 0.030002117156982422, 0.018010854721069336, 2.47955322265625e-05, 0, 0.033680200576782227, 0.11823010444641113, 9.4504114025669299, 8.8086994374549086, 0.64171196511201933, 240, 247, 28.5715, 4.30515, 7.51579, 4.33111, 3.8966, 0.000132322, 8.3637, 0.15904, 
1e-6,2,8,3.63088e+07,1,2,8, 39.2674, 1.20322, 30.8524, 0, 0, 1, 2, 0.21617698669433594, 0.017930030822753906, 0.030011892318725586, 0.018280982971191406, 2.5987625122070312e-05, 0, 0.034080028533935547, 0.11584806442260742, 9.5420843884101973, 8.8086996062396512, 0.7333847821705447, 241, 249, 28.7877, 4.34044, 7.57499, 4.34939, 3.91269, 0.000133276, 8.43098, 0.179076, 
1e-6,2,9,3.63088e+07,1,2,9, 40.4949, 1.34667, 31.2284, 0, 0, 1, 2, 0.22002792358398438, 0.017529964447021484, 0.030056953430175781, 0.018131017684936523, 2.4080276489257812e-05, 0, 0.033951997756958008, 0.12033390998840332, 9.6337572427432967, 8.8086998248520008, 0.82505741789129639, 242, 251, 29.0077, 4.37481, 7.63433, 4.36752, 3.9288, 0.00013423, 8.49968, 0.202446, 
1e-6,2,10,3.63088e+07,1,2,10, 41.8153, 1.49041, 31.6131, 0, 0, 1, 2, 0.21876192092895508, 0.017510890960693359, 0.030045986175537109, 0.017874002456665039, 2.5033950805664062e-05, 0, 0.033575057983398438, 0.11973094940185547, 9.7254299316869357, 8.8087000946952863, 0.91672983699165023, 243, 253, 29.2265, 4.40919, 7.69355, 4.38539, 3.94483, 0.00013423, 8.56601, 0.227374, 
1e-6,2,20,2.76438e+07,1,2,11, 139.093, 1.63437, 128.09, 0, 0, 838, 839, 96.28274393081665, 0.017282962799072266, 0.029977083206176758, 0.017870903015136719, 2.5987625122070312e-05, 0, 0.033573150634765625, 96.184013843536377, 9.6359853897117702, 9.4262193132814147, 0.20976607643035589, 1081, 1092, 125.509, 18.9302, 32.8637, 19.3533, 17.3887, 0.000546694, 36.7215, 0.251247, 
1e-6,2,30,2.76438e+07,1,2,12, 140.262, 1.77721, 128.542, 0, 0, 1, 2, 0.21833300590515137, 0.017349004745483398, 0.029992818832397461, 0.017930984497070312, 2.5033950805664062e-05, 0, 0.033647060394287109, 0.11938810348510742, 9.7408683712069273, 9.4262194303806837, 0.31464894082624495, 1082, 1094, 125.728, 18.9645, 32.9229, 19.3713, 17.4048, 0.000547647, 36.788, 0.275626, 
1e-6,2,40,2.76438e+07,1,2,13, 141.623, 1.92073, 128.868, 0, 0, 1, 2, 0.21634697914123535, 0.017321109771728516, 0.030122995376586914, 0.017848014831542969, 2.5987625122070312e-05, 0, 0.033586978912353516, 0.11744189262390137, 9.8457511171162331, 9.4262196762372952, 0.41953144087893735, 1083, 1096, 125.944, 18.9987, 32.9821, 19.3891, 17.4208, 0.000547647, 36.8544, 0.298149, 
1e-6,2,50,2.14237e+07,1,2,14, 366.714, 2.06409, 352.931, 0, 0, 1945, 1946, 223.70695900917053, 0.017424106597900391, 0.030053138732910156, 0.017879962921142578, 2.5987625122070312e-05, 0, 0.033648014068603516, 223.60792779922485, 9.7945844450445918, 9.6553099067586885, 0.13927453828590214, 3028, 3042, 349.651, 52.7957, 91.3432, 54.2557, 48.6393, 0.00154757, 102.291, 0.324746, 
1e-6,2,60,2.14237e+07,1,2,15, 367.927, 2.20817, 353.287, 0, 0, 1, 2, 0.21568703651428223, 0.017410039901733398, 0.029998064041137695, 0.017940998077392578, 2.5033950805664062e-05, 0, 0.033601999282836914, 0.11671090126037598, 9.8224393428023227, 9.6553099568234586, 0.16712938597886429, 3029, 3044, 349.867, 52.83, 91.4024, 54.2736, 48.6554, 0.00154853, 102.357, 0.346551, 
1e-6,2,70,2.14237e+07,1,2,16, 369.2, 2.35108, 353.689, 0, 0, 1, 2, 0.21653199195861816, 0.017292022705078125, 0.029975175857543945, 0.017893791198730469, 2.5987625122070312e-05, 0, 0.033586025238037109, 0.11775898933410645, 9.8502942002081042, 9.6553100594825452, 0.19498414072555953, 3030, 3046, 350.083, 52.8642, 91.4615, 54.2915, 48.6714, 0.00154853, 102.423, 0.369513, 
1e-6,2,80,2.14237e+07,1,2,17, 370.453, 2.49429, 354.103, 0, 0, 1, 2, 0.21638107299804688, 0.01742100715637207, 0.030067920684814453, 0.017777919769287109, 2.5987625122070312e-05, 0, 0.033600807189941406, 0.11748743057250977, 9.8781489857272753, 9.6553102164401992, 0.2228387692870753, 3031, 3048, 350.299, 52.8984, 91.5208, 54.3093, 48.6874, 0.00154853, 102.49, 0.392317, 
1e-6,2,90,2.14237e+07,1,2,18, 371.671, 2.6399, 354.449, 0, 0, 1, 2, 0.21467494964599609, 0.017354965209960938, 0.0300140380859375, 0.017884016036987305, 2.5987625122070312e-05, 0, 0.033524036407470703, 0.11587190628051758, 9.9060036671907454, 9.6553104288996696, 0.25069323829107637, 3032, 3050, 350.514, 52.9327, 91.58, 54.3272, 48.7036, 0.00154948, 102.556, 0.413009, 
1e-6,2,100,2.14237e+07,1,2,19, 372.927, 2.78317, 354.826, 0, 0, 1, 2, 0.21637797355651855, 0.017385959625244141, 0.029961109161376953, 0.018008947372436523, 2.5033950805664062e-05, 0, 0.033538103103637695, 0.11745882034301758, 9.9338582120328986, 9.6553106977424115, 0.27854751429048719, 3033, 3052, 350.731, 52.9669, 91.6392, 54.3452, 48.7197, 0.00154948, 102.622, 0.435611, 
1e-6,2,200,1.19075e+07,1,2,20, 1182.23, 2.9271, 1163.17, 0, 0, 7039, 7040, 808.1656551361084, 0.017225980758666992, 0.029990911483764648, 0.017798900604248047, 2.5987625122070312e-05, 0, 0.033501863479614258, 808.06711149215698, 9.931800215533098, 9.8664835610112149, 0.065316654521881484, 10072, 10092, 1158.9, 174.921, 302.74, 180.139, 161.642, 0.00503492, 338.978, 0.472116, 
1e-6,2,300,1.19075e+07,1,2,21, 1183.41, 3.07246, 1163.57, 0, 0, 1, 2, 0.21502184867858887, 0.017252922058105469, 0.029980897903442383, 0.017827987670898438, 2.47955322265625e-05, 0, 0.033600091934204102, 0.11633515357971191, 9.9644584747031324, 9.8664836996629006, 0.097974775040230347, 10073, 10094, 1159.11, 174.955, 302.799, 180.157, 161.658, 0.00503612, 339.044, 0.493654, 
1e-6,2,400,1.19075e+07,1,2,22, 1184.64, 3.21603, 1163.98, 0, 0, 1, 2, 0.21599793434143066, 0.017217874526977539, 0.029967069625854492, 0.017798900604248047, 2.6941299438476562e-05, 0, 0.033540964126586914, 0.1174461841583252, 9.9971164555980856, 9.8664839850246704, 0.13063247057341604, 10074, 10096, 1159.33, 174.989, 302.858, 180.175, 161.674, 0.00503612, 339.111, 0.51633, 
1e-6,2,500,7.21166e+06,1,2,23, 2644.05, 3.35853, 2622.53, 0, 0, 12701, 12702, 1458.3627378940582, 0.017236948013305664, 0.029963970184326172, 0.017808914184570312, 2.5033950805664062e-05, 0, 0.033504009246826172, 1458.2641990184784, 9.977931870136004, 9.9397244706072456, 0.038207399528755112, 22775, 22798, 2617.69, 394.998, 683.864, 407.266, 365.47, 0.0114913, 765.514, 0.566784, 
1e-6,2,600,7.21166e+06,1,2,24, 2645.46, 3.50156, 2623.08, 0, 0, 1, 2, 0.21757102012634277, 0.017379045486450195, 0.029966115951538086, 0.018001794815063477, 2.5033950805664062e-05, 0, 0.033592939376831055, 0.1186060905456543, 9.9855733391069883, 9.939724525719992, 0.045848813386994355, 22776, 22800, 2617.91, 395.032, 683.923, 407.284, 365.486, 0.0114923, 765.58, 0.590182, 
1e-6,2,700,7.21166e+06,1,2,25, 2646.66, 3.64424, 2623.54, 0, 0, 1, 2, 0.21800708770751953, 0.017379999160766602, 0.029967069625854492, 0.017942905426025391, 2.7179718017578125e-05, 0, 0.033643007278442383, 0.11904692649841309, 9.9932147637566793, 9.9397246379199675, 0.053490125836711519, 22777, 22802, 2618.13, 395.067, 683.982, 407.302, 365.502, 0.0114923, 765.647, 0.614321, 
1e-6,2,800,7.21166e+06,1,2,26, 2647.86, 3.78708, 2623.93, 0, 0, 1, 2, 0.21630215644836426, 0.017251968383789062, 0.029967069625854492, 0.017831087112426758, 2.5033950805664062e-05, 0, 0.033500909805297852, 0.11772608757019043, 10.000856109853913, 9.9397248085651686, 0.061131301288744083, 22778, 22804, 2618.34, 395.101, 684.041, 407.32, 365.518, 0.0114932, 765.713, 0.637276, 
1e-6,2,900,7.21166e+06,1,2,27, 2649.05, 3.93105, 2624.3, 0, 0, 1, 2, 0.21849179267883301, 0.017428874969482422, 0.029974937438964844, 0.017791986465454102, 2.5033950805664062e-05, 0, 0.033545017242431641, 0.11972594261169434, 10.008497342667843, 9.9397250386249461, 0.068772304042896568, 22779, 22806, 2618.56, 395.135, 684.1, 407.338, 365.534, 0.0114932, 765.779, 0.662301, 
1e-6,2,1000,7.21166e+06,1,2,28, 2654.06, 4.07414, 2624.67, 0, 0, 1, 2, 0.21694588661193848, 0.017218112945556641, 0.029976129531860352, 0.017802000045776367, 2.5987625122070312e-05, 0, 0.033502101898193359, 0.11842155456542969, 10.016138427157369, 9.9397253288152285, 0.076413098342141036, 22780, 22808, 2618.78, 395.169, 684.16, 407.356, 365.55, 0.0114942, 765.846, 0.685887, 
1e-6,2,2000,4.16821e+06,1,2,29, 5185.3, 4.21866, 5155.05, 0, 0, 22006, 22007, 2530.1673438549042, 0.017348051071166992, 0.030005931854248047, 0.017789840698242188, 2.5987625122070312e-05, 0, 0.033514976501464844, 2530.0686590671539, 10.018924757186131, 9.9929853424504689, 0.02593941473566181, 44786, 44815, 5148.94, 777.197, 1345.11, 801.293, 719.133, 0.0224769, 1505.44, 0.752751, 
1e-6,2,3000,4.16821e+06,1,2,30, 5186.47, 4.36283, 5155.47, 0, 0, 1, 2, 0.21630620956420898, 0.01738286018371582, 0.029958009719848633, 0.017889022827148438, 2.5987625122070312e-05, 0, 0.033540010452270508, 0.11751031875610352, 10.031894393106837, 9.9929854875535469, 0.03890890555329117, 44787, 44817, 5149.16, 777.231, 1345.17, 801.311, 719.149, 0.0224779, 1505.5, 0.775355, 
1e-6,2,4000,4.16821e+06,1,2,31, 5187.9, 4.5065, 5155.97, 0, 0, 1, 2, 0.21717619895935059, 0.017339944839477539, 0.029968976974487305, 0.017986059188842773, 2.6941299438476562e-05, 0, 0.033684968948364258, 0.11816930770874023, 10.044863738082261, 9.9929857848970691, 0.051877953185191901, 44788, 44819, 5149.38, 777.265, 1345.23, 801.329, 719.165, 0.0224779, 1505.57, 0.798235, 
1e-6,2,5000,4.26086e+06,1,2,32, 8052.21, 4.6499, 8019.42, 0, 0, 24902, 24903, 2863.3150141239166, 0.017318010330200195, 0.029968023300170898, 0.017923116683959961, 2.5033950805664062e-05, 0, 0.033671855926513672, 2863.216108083725, 10.044555605336166, 10.012991189630075, 0.031564415706090213, 69690, 69722, 8012.69, 1209.93, 2092.57, 1247.76, 1119.05, 0.0348611, 2342.47, 0.87197, 
1e-6,2,6000,4.26086e+06,1,2,33, 8053.52, 4.79577, 8019.91, 0, 0, 1, 2, 0.21651601791381836, 0.017688989639282227, 0.03004002571105957, 0.01820683479309082, 2.6941299438476562e-05, 0, 0.033946037292480469, 0.1166071891784668, 10.050868476863712, 10.012991248093105, 0.037877228770607521, 69691, 69724, 8012.91, 1209.96, 2092.63, 1247.78, 1119.07, 0.0348611, 2342.54, 0.892876, 
1e-6,2,7000,4.26086e+06,1,2,34, 8054.77, 4.94164, 8020.32, 0, 0, 1, 2, 0.21461391448974609, 0.017454862594604492, 0.030055999755859375, 0.018008947372436523, 2.6226043701171875e-05, 0, 0.033748865127563477, 0.11531901359558105, 10.057181301455099, 10.012991366709652, 0.044189934745446774, 69692, 69726, 8013.12, 1210, 2092.69, 1247.8, 1119.08, 0.034862, 2342.61, 0.912805, 
1e-6,2,8000,4.26086e+06,1,2,35, 8056.01, 5.08581, 8020.71, 0, 0, 1, 2, 0.21544194221496582, 0.017319917678833008, 0.030009031295776367, 0.017863035202026367, 2.5987625122070312e-05, 0, 0.033545970916748047, 0.11667799949645996, 10.063494043118116, 10.012991546619553, 0.050502496498563351, 69693, 69728, 8013.34, 1210.03, 2092.75, 1247.82, 1119.1, 0.034862, 2342.68, 0.934448, 
1e-6,2,9000,4.26086e+06,1,2,36, 8057.24, 5.22952, 8021.13, 0, 0, 1, 2, 0.21684598922729492, 0.017455101013183594, 0.030044794082641602, 0.018002986907958984, 2.5987625122070312e-05, 0, 0.033703088760375977, 0.1176140308380127, 10.06980666552055, 10.012991788607563, 0.05681487691298779, 69694, 69730, 8013.56, 1210.07, 2092.81, 1247.83, 1119.12, 0.034863, 2342.74, 0.956615, 
1e-6,2,10000,4.26086e+06,1,2,37, 8058.4, 5.373, 8021.53, 0, 0, 1, 2, 0.21668481826782227, 0.017518997192382812, 0.030009984970092773, 0.017889022827148438, 2.5987625122070312e-05, 0, 0.033555984497070312, 0.11768484115600586, 10.07611913218471, 10.01299209322211, 0.063127038962600385, 69695, 69732, 8013.77, 1210.1, 2092.87, 1247.85, 1119.13, 0.034863, 2342.81, 0.979347, 