?fem_reduce,K,epssqr,abserr,Theta0,Theta1,it all, t all, t gamma update, t gamma solve, t theta update, t theta solve, SPGQP it, SPGQP hessmult, SPGQP t all, SPGQP t project, SPGQP t matmult, SPGQP t dot, SPGQP t update, SPGQP t stepsize, SPGQP t fs, SPGQP t other, SPGQP fx, SPGQP fx_linear, SPGQP fx_quadratic, SPGQP_sum it, SPGQP_sum hessmult, SPGQP_sum t all, SPGQP_sum t project, SPGQP_sum t matmult, SPGQP_sum t dot, SPGQP_sum t update, SPGQP_sum t stepsize, SPGQP_sum t fs, SPGQP_sum t other, 
1e-1,2,1,2.23607,1,2,1, 0.0651062, 0.00861001, 0.0530276, 0, 0, 3, 4, 0.052828073501586914, 0.010265827178955078, 0.000240325927734375, 2.86102294921875e-05, 5.1736831665039062e-05, 3.337860107421875e-06, 0.000518798828125, 0.041719436645507812, 1.0471178250897912, 1.0311178250897912, 0.016, 3, 4, 0.0528281, 0.0493977, 0.00109959, 7.84397e-05, 0.000688314, 1.83582e-05, 0.00123072, 0.000314951, 
1e-1,2,2,2.23607,1,2,2, 0.10364, 0.0193248, 0.0793664, 0, 0, 1, 2, 0.026178836822509766, 0.0097668170928955078, 0.00031566619873046875, 2.7418136596679688e-05, 4.6491622924804688e-05, 3.337860107421875e-06, 0.00019574165344238281, 0.0158233642578125, 1.0631178250897912, 1.0311178250897912, 0.032000000000000001, 4, 6, 0.0790069, 0.0741746, 0.0016551, 0.000105858, 0.000930786, 3.3617e-05, 0.00163841, 0.000468493, 
1e-1,2,3,2.23607,1,2,3, 0.14463, 0.0317702, 0.106743, 0, 0, 1, 2, 0.027175188064575195, 0.011406898498535156, 0.00022196769714355469, 2.7418136596679688e-05, 3.2901763916015625e-05, 6.67572021484375e-06, 0.00021338462829589844, 0.015265941619873047, 1.0791178250897913, 1.0311178250897912, 0.048000000000000001, 5, 8, 0.106182, 0.100129, 0.00212836, 0.000133276, 0.00114036, 4.48227e-05, 0.00203371, 0.000572205, 
1e-1,2,4,2.23607,1,2,4, 0.182522, 0.0408874, 0.134026, 0, 0, 1, 2, 0.027112007141113281, 0.012096405029296875, 0.00029230117797851562, 7.8678131103515625e-05, 5.245208740234375e-05, 2.6226043701171875e-06, 0.00025200843811035156, 0.014337539672851562, 1.0951178250897913, 1.0311178250897912, 0.064000000000000001, 6, 10, 0.133294, 0.125558, 0.00273848, 0.000211954, 0.00147271, 5.14984e-05, 0.00259376, 0.000668049, 
1e-1,2,5,2.23607,1,2,5, 0.217835, 0.0471151, 0.162057, 0, 0, 1, 2, 0.027894496917724609, 0.013556241989135742, 0.00022411346435546875, 3.337860107421875e-05, 3.4332275390625e-05, 2.384185791015625e-06, 0.00020813941955566406, 0.013835906982421875, 1.1111178250897913, 1.0311178250897912, 0.080000000000000002, 7, 12, 0.161189, 0.152191, 0.00325775, 0.000245333, 0.001688, 5.6982e-05, 0.00299215, 0.000757456, 
1e-1,2,6,2.06322,1,2,6, 0.286086, 0.0538919, 0.222386, 0, 0, 3, 4, 0.060157537460327148, 0.011058330535888672, 0.00018048286437988281, 2.002716064453125e-05, 2.3365020751953125e-05, 2.6226043701171875e-06, 0.00019598007202148438, 0.048676729202270508, 1.1269609512176952, 1.0327444311613527, 0.094216520056342193, 10, 16, 0.221346, 0.195408, 0.0160656, 0.000320435, 0.00455761, 7.86781e-05, 0.00392413, 0.00099206, 
1e-1,2,7,1.94699,1,2,7, 0.355834, 0.0745127, 0.270025, 0, 0, 3, 4, 0.047434091567993164, 0.0079777240753173828, 0.00023031234741210938, 4.482269287109375e-05, 0.00010704994201660156, 4.5299530029296875e-06, 0.000347137451171875, 0.038722515106201172, 1.1425633112257441, 1.0339491511774506, 0.10861416004829332, 13, 20, 0.26878, 0.237545, 0.0167649, 0.000437498, 0.00546265, 9.9659e-05, 0.00610614, 0.00236487, 
1e-1,2,8,1.86768,1,2,8, 0.425278, 0.0827162, 0.330191, 0, 0, 3, 4, 0.059968233108520508, 0.012261152267456055, 0.00017333030700683594, 2.0742416381835938e-05, 2.4318695068359375e-05, 4.291534423828125e-06, 0.00044226646423339844, 0.047042131423950195, 1.1580150812317807, 1.0348526911895237, 0.12316239004225665, 16, 24, 0.328748, 0.294415, 0.017668, 0.000518322, 0.00615335, 0.000120401, 0.00724101, 0.0026319, 
1e-1,2,9,1.81131,1,2,9, 0.490555, 0.0880775, 0.388305, 0, 0, 3, 4, 0.057914257049560547, 0.0098514556884765625, 0.0012950897216796875, 8.3684921264648438e-05, 3.9339065551757812e-05, 2.6226043701171875e-06, 0.00026583671569824219, 0.046376228332519531, 1.1733664579031426, 1.0355554445322475, 0.13781101337089482, 19, 28, 0.386663, 0.347925, 0.0196636, 0.000674963, 0.00710678, 0.000175238, 0.00823116, 0.0028863, 
1e-1,2,10,1.76988,1,2,10, 0.553917, 0.09413, 0.444613, 0, 0, 3, 4, 0.056115388870239258, 0.016511678695678711, 0.00025033950805664062, 2.2172927856445312e-05, 2.4080276489257812e-05, 4.0531158447265625e-06, 0.00017476081848144531, 0.039128303527832031, 1.1886475592402319, 1.0361176472064264, 0.15252991203380534, 22, 32, 0.442778, 0.401197, 0.0205858, 0.000747681, 0.00787616, 0.000221014, 0.00903821, 0.00311255, 
1e-1,2,20,1.63088,1,2,11, 0.618395, 0.101347, 0.500691, 0, 0, 3, 4, 0.055880069732666016, 0.010725736618041992, 0.00025606155395507812, 2.9802322387695312e-05, 3.2663345336914062e-05, 2.86102294921875e-06, 0.00022768974304199219, 0.044605255126953125, 1.3398992471014457, 1.0396512910760418, 0.30024795602540388, 25, 36, 0.498658, 0.451643, 0.0216851, 0.000826836, 0.0108771, 0.000238895, 0.0100923, 0.00329471, 
1e-1,2,30,1.88786,1,2,12, 0.7997, 0.110733, 0.671336, 0, 0, 11, 12, 0.17043972015380859, 0.0092260837554931641, 0.00027441978454589844, 0.00043392181396484375, 6.6518783569335938e-05, 4.291534423828125e-06, 0.00028467178344726562, 0.16014981269836426, 1.4766369096935099, 1.12054890526275, 0.35608800443076027, 36, 48, 0.669098, 0.595557, 0.0243571, 0.00167131, 0.0137408, 0.000345707, 0.0288956, 0.00453067, 
1e-1,2,40,2.30811,1,2,13, 0.948827, 0.1222, 0.807446, 0, 0, 9, 10, 0.13595175743103027, 0.010190010070800781, 0.00011754035949707031, 1.9788742065429688e-05, 2.09808349609375e-05, 2.86102294921875e-06, 0.00013780593872070312, 0.12546277046203613, 1.5806778451652743, 1.2085563282772225, 0.37212151688805173, 45, 58, 0.80505, 0.722112, 0.0266812, 0.00192261, 0.0177896, 0.000410318, 0.0311024, 0.00503159, 
1e-1,2,50,2.63887,1,2,14, 1.08333, 0.129009, 0.934112, 0, 0, 8, 9, 0.12651896476745605, 0.014090061187744141, 0.00019598007202148438, 2.002716064453125e-05, 2.1457672119140625e-05, 2.384185791015625e-06, 0.00015306472778320312, 0.11203598976135254, 1.6670755877086776, 1.2626894707721297, 0.40438611693654802, 53, 67, 0.931569, 0.835996, 0.0288279, 0.00221777, 0.0196364, 0.000460386, 0.0329859, 0.0114439, 
1e-1,2,60,2.87115,1,2,15, 1.27662, 0.135415, 1.11976, 0, 0, 13, 14, 0.18540024757385254, 0.018428802490234375, 0.00027108192443847656, 4.8160552978515625e-05, 4.2200088500976562e-05, 3.337860107421875e-06, 0.00026369094848632812, 0.16634297370910645, 1.7433213981354712, 1.3100811835130293, 0.43324021462244217, 66, 81, 1.11697, 1.00543, 0.032177, 0.0026226, 0.0255277, 0.000541449, 0.0386028, 0.0120699, 
1e-1,2,70,3.0557,1,2,16, 1.5078, 0.145404, 1.33967, 0, 0, 15, 16, 0.21968579292297363, 0.010419845581054688, 0.0002231597900390625, 2.4080276489257812e-05, 2.3365020751953125e-05, 3.814697265625e-06, 0.0001773834228515625, 0.20881414413452148, 1.8125937998441399, 1.3452917366996144, 0.46730206314452544, 81, 97, 1.33665, 1.20978, 0.0364587, 0.00312161, 0.0309987, 0.0006845, 0.0423679, 0.0132403, 
1e-1,2,80,3.20534,1,2,17, 1.74369, 0.150701, 1.56916, 0, 0, 13, 14, 0.22928094863891602, 0.010787487030029297, 0.00023055076599121094, 2.2411346435546875e-05, 2.4318695068359375e-05, 2.6226043701171875e-06, 0.00025486946105957031, 0.21795868873596191, 1.8774509831452435, 1.3725293462233354, 0.50492163692190839, 94, 111, 1.56594, 1.40394, 0.0400591, 0.00361991, 0.0456874, 0.000776529, 0.0466597, 0.0251906, 
1e-1,2,90,3.3503,1,2,18, 2.00128, 0.157613, 1.81848, 0, 0, 13, 14, 0.24902939796447754, 0.015332460403442383, 0.0002498626708984375, 2.3603439331054688e-05, 2.6702880859375e-05, 4.5299530029296875e-06, 0.00017881393432617188, 0.23321342468261719, 1.9388585071268958, 1.4015564866706267, 0.53730202045626907, 107, 125, 1.81497, 1.61393, 0.0432591, 0.00410438, 0.075907, 0.000873089, 0.0501456, 0.0267472, 
1e-1,2,100,3.49005,1,2,19, 2.22127, 0.164581, 2.02988, 0, 0, 15, 16, 0.21105194091796875, 0.0086798667907714844, 0.00023484230041503906, 4.9591064453125e-05, 4.9591064453125e-05, 3.337860107421875e-06, 0.00024461746215820312, 0.20179009437561035, 1.9970163754365462, 1.4304328433139899, 0.56658353212255608, 122, 141, 2.02602, 1.80987, 0.048481, 0.00460625, 0.0801682, 0.000984907, 0.0542698, 0.0276349, 
1e-1,2,200,5.26904,1,2,20, 2.67009, 0.174165, 2.46782, 0, 0, 31, 32, 0.43772029876708984, 0.010658502578735352, 0.00027441978454589844, 3.719329833984375e-05, 3.6954879760742188e-05, 2.384185791015625e-06, 0.00023436546325683594, 0.42647647857666016, 2.4186456443605104, 1.7551050889053994, 0.66354055545511126, 153, 173, 2.46374, 2.17279, 0.0717587, 0.00612164, 0.119341, 0.00123811, 0.0628595, 0.0296237, 
1e-1,2,300,6.24978,1,2,21, 3.03261, 0.180512, 2.82293, 0, 0, 24, 25, 0.35491418838500977, 0.014450311660766602, 0.00023722648620605469, 2.5272369384765625e-05, 2.5272369384765625e-05, 3.814697265625e-06, 0.00018072128295898438, 0.33999156951904297, 2.7076384578160702, 1.9394913081669558, 0.76814714964911446, 177, 198, 2.81865, 2.48046, 0.077976, 0.00686383, 0.150482, 0.00147128, 0.069731, 0.031662, 
1e-1,2,400,6.83354,1,2,22, 3.51196, 0.18666, 3.29492, 0, 0, 31, 32, 0.47178912162780762, 0.0094995498657226562, 0.00016546249389648438, 1.9788742065429688e-05, 2.3126602172851562e-05, 2.86102294921875e-06, 0.00018811225891113281, 0.46189022064208984, 2.9419806665076615, 2.0772372052005785, 0.86474346130708213, 208, 230, 3.29044, 2.86263, 0.10251, 0.00786161, 0.198814, 0.00182796, 0.0829859, 0.0338142, 
1e-1,2,500,7.24185,1,2,23, 3.99481, 0.194251, 3.76887, 0, 0, 30, 31, 0.47374939918518066, 0.012962818145751953, 0.00029826164245605469, 5.8889389038085938e-05, 4.673004150390625e-05, 3.337860107421875e-06, 0.00032472610473632812, 0.46005463600158691, 3.1441785184234048, 2.194532172492365, 0.94964634593103914, 238, 261, 3.76419, 3.29421, 0.113828, 0.00875306, 0.219748, 0.00204444, 0.0901682, 0.035435, 
1e-1,2,600,7.57972,1,2,24, 4.62686, 0.201023, 4.39288, 0, 0, 37, 38, 0.62379670143127441, 0.0089218616485595703, 0.00019001960754394531, 3.147125244140625e-05, 3.2663345336914062e-05, 3.0994415283203125e-06, 0.00021576881408691406, 0.61440181732177734, 3.3243898955612825, 2.3148310857215666, 1.0095588098397157, 275, 299, 4.38799, 3.76412, 0.192815, 0.0100729, 0.282569, 0.00237203, 0.0985591, 0.0374813, 
1e-1,2,700,8.04157,1,2,25, 5.49135, 0.216531, 5.24067, 0, 0, 61, 62, 0.84760022163391113, 0.014321804046630859, 0.00024962425231933594, 2.8848648071289062e-05, 3.337860107421875e-05, 2.6226043701171875e-06, 0.00021791458129882812, 0.83274602890014648, 3.4776094904055705, 2.4917139830215906, 0.98589550738397946, 336, 361, 5.23559, 4.5357, 0.207545, 0.0119538, 0.322233, 0.00285864, 0.113456, 0.0418403, 
1e-1,2,800,8.54868,1,2,26, 6.50528, 0.224644, 6.24532, 0, 0, 67, 68, 1.0044512748718262, 0.0095379352569580078, 0.00020289421081542969, 2.5510787963867188e-05, 2.47955322265625e-05, 2.86102294921875e-06, 0.00017714500427246094, 0.99448013305664062, 3.6048310202543501, 2.683808209566914, 0.92102281068743563, 403, 429, 6.24004, 5.36286, 0.289973, 0.014034, 0.393871, 0.00343752, 0.12999, 0.0458679, 
1e-1,2,900,9.08503,1,2,27, 7.53873, 0.231819, 7.26748, 0, 0, 72, 73, 1.0219383239746094, 0.0091588497161865234, 7.1287155151367188e-05, 2.4557113647460938e-05, 2.9087066650390625e-05, 3.814697265625e-06, 0.00016665458679199219, 1.012484073638916, 3.709522615365926, 2.8462187006870803, 0.86330391467884615, 475, 502, 7.26198, 6.25119, 0.331477, 0.0161133, 0.463535, 0.00393915, 0.145668, 0.0500569, 
1e-1,2,1000,9.56951,1,2,28, 8.55007, 0.237664, 8.27204, 0, 0, 70, 71, 1.0043163299560547, 0.0095949172973632812, 0.00011277198791503906, 2.0503997802734375e-05, 2.384185791015625e-05, 2.6226043701171875e-06, 2.2649765014648438e-05, 0.99453902244567871, 3.7981642426468634, 2.9747064571208348, 0.82345778552602789, 545, 573, 8.26629, 7.10208, 0.346493, 0.0185962, 0.57289, 0.00447941, 0.166854, 0.054903, 
1e-1,2,2000,12.4284,1,2,29, 10.1317, 0.245604, 9.84417, 0, 0, 108, 109, 1.5719742774963379, 0.0075769424438476562, 0.00024485588073730469, 2.1457672119140625e-05, 2.3365020751953125e-05, 4.0531158447265625e-06, 0.00017952919006347656, 1.5639240741729736, 4.3070577987683505, 3.6729656176053771, 0.63409218116297361, 653, 682, 9.83827, 8.46703, 0.395684, 0.0220397, 0.688729, 0.00536466, 0.197724, 0.0616944, 
1e-1,2,3000,13.8578,1,2,30, 11.6805, 0.252124, 11.385, 0, 0, 107, 108, 1.5389089584350586, 0.010174036026000977, 0.00021505355834960938, 1.9550323486328125e-05, 5.14984130859375e-05, 2.86102294921875e-06, 8.6307525634765625e-05, 1.5283596515655518, 4.536345581048554, 4.0154881246756569, 0.52085745637289627, 760, 790, 11.3772, 9.85728, 0.446952, 0.0254934, 0.751631, 0.00638175, 0.221562, 0.0678761, 
1e-1,2,4000,14.7316,1,2,31, 12.7419, 0.25853, 12.4389, 0, 0, 71, 72, 1.0536386966705322, 0.013524055480957031, 0.00025081634521484375, 2.5510787963867188e-05, 3.0994415283203125e-05, 2.86102294921875e-06, 0.00020599365234375, 1.0395984649658203, 4.6798257356732007, 4.2006867950276279, 0.4791389406455745, 831, 862, 12.4308, 10.7451, 0.514026, 0.0276239, 0.820469, 0.00687933, 0.243819, 0.0728495, 
1e-1,2,5000,15.1779,1,2,32, 14.4445, 0.266029, 14.1326, 0, 0, 120, 121, 1.6934881210327148, 0.017573833465576172, 0.00026059150695800781, 3.0994415283203125e-05, 3.147125244140625e-05, 3.0994415283203125e-06, 0.00022220611572265625, 1.6753659248352051, 4.7871077783383562, 4.3175170110448331, 0.46959076729352345, 951, 983, 14.1243, 12.2335, 0.544132, 0.0311377, 0.938671, 0.00798225, 0.275683, 0.0931828, 
1e-1,2,6000,15.3645,1,2,33, 16.6995, 0.272568, 16.38, 0, 0, 160, 161, 2.2472095489501953, 0.013035774230957031, 0.00025510787963867188, 2.1696090698242188e-05, 2.8371810913085938e-05, 2.86102294921875e-06, 0.00021982192993164062, 2.2336459159851074, 4.8714151859606281, 4.4078398473633706, 0.46357533859725625, 1111, 1144, 16.3715, 14.1769, 0.634814, 0.0421431, 1.08391, 0.00935841, 0.314399, 0.10997, 
1e-1,2,7000,15.4645,1,2,34, 18.641, 0.285115, 18.3079, 0, 0, 130, 131, 1.9276995658874512, 0.007709503173828125, 3.3855438232421875e-05, 0.00053238868713378906, 3.0517578125e-05, 2.384185791015625e-06, 0.00024509429931640625, 1.9191458225250244, 4.940508386775881, 4.4797346651154175, 0.46077372166046449, 1241, 1275, 18.2992, 15.7703, 0.759623, 0.0465424, 1.24328, 0.0105278, 0.347944, 0.120999, 
1e-1,2,8000,15.6488,1,2,35, 20.3422, 0.290836, 20.0024, 0, 0, 122, 123, 1.6943202018737793, 0.010271310806274414, 0.00016307830810546875, 1.9550323486328125e-05, 2.4080276489257812e-05, 3.0994415283203125e-06, 0.00016713142395019531, 1.6836719512939453, 5.0017983957333616, 4.5325710106681267, 0.46922738506523831, 1363, 1398, 19.9935, 17.2624, 0.844112, 0.0502188, 1.32054, 0.0115778, 0.376201, 0.128464, 
1e-1,2,9000,15.7393,1,2,36, 21.9833, 0.296942, 21.6363, 0, 0, 123, 124, 1.6336569786071777, 0.010113000869750977, 0.00014662742614746094, 9.7513198852539062e-05, 5.9604644775390625e-05, 3.814697265625e-06, 0.00016999244689941406, 1.6230664253234863, 5.0556217678144693, 4.5770205587962423, 0.47860120901822967, 1486, 1522, 21.6272, 18.6793, 0.904942, 0.0551953, 1.43538, 0.0124826, 0.402048, 0.137844, 
1e-1,2,10000,15.7616,1,2,37, 24.6416, 0.301847, 24.2888, 0, 0, 187, 188, 2.6523420810699463, 0.0081624984741210938, 0.00025057792663574219, 2.4318695068359375e-05, 6.1273574829101562e-05, 3.0994415283203125e-06, 0.00017452239990234375, 2.6436657905578613, 5.1032415541243754, 4.6178155139729764, 0.48542604015140045, 1673, 1710, 24.2795, 20.939, 1.005, 0.0610232, 1.66936, 0.0142698, 0.441179, 0.14971, 
1e-1,2,20000,15.8156,1,2,38, 28.3079, 0.307511, 27.9476, 0, 0, 263, 264, 3.6586225032806396, 0.016007900238037109, 0.00015759468078613281, 0.0032217502593994141, 2.4318695068359375e-05, 3.337860107421875e-06, 0.00019121170043945312, 3.6390163898468018, 5.467295645833504, 4.8792906429160547, 0.58800500291744784, 1936, 1974, 27.9382, 24.1055, 1.13666, 0.0824831, 1.93156, 0.0163758, 0.501745, 0.163852, 
1e-1,2,30000,15.5103,1,2,39, 34.0535, 0.312927, 33.6865, 0, 0, 397, 398, 5.7386715412139893, 0.01290130615234375, 0.00022745132446289062, 6.4373016357421875e-05, 3.4093856811523438e-05, 2.6226043701171875e-06, 0.00035810470581054688, 5.725083589553833, 5.6803984377130083, 5.0652834812502618, 0.61511495646274961, 2333, 2372, 33.6768, 28.9362, 1.47254, 0.0979102, 2.36861, 0.0201051, 0.594222, 0.187222, 
1e-1,2,40000,15.3138,1,2,40, 38.7817, 0.321416, 38.4051, 0, 0, 334, 335, 4.7184257507324219, 0.0083343982696533203, 0.00013995170593261719, 0.00071477890014648438, 9.6559524536132812e-05, 2.6226043701171875e-06, 0.00017499923706054688, 4.7089624404907227, 5.8242462838219851, 5.2003644516751946, 0.62388183214678894, 2667, 2707, 38.3953, 33.0322, 1.6984, 0.115149, 2.63312, 0.0228631, 0.674612, 0.218871, 
1e-1,2,50000,15.0246,1,2,41, 42.7421, 0.32756, 42.3584, 0, 0, 283, 284, 3.9531159400939941, 0.011222124099731445, 0.00019121170043945312, 2.5272369384765625e-05, 2.3365020751953125e-05, 3.337860107421875e-06, 0.00017428398132324219, 3.9414763450622559, 5.8636746874456236, 5.4115666303397552, 0.45210805710586338, 2950, 2991, 42.3484, 36.3897, 1.96555, 0.124795, 2.85648, 0.0253201, 0.750851, 0.235626, 
1e-1,2,60000,15.1601,1,2,42, 48.1144, 0.333443, 47.7234, 0, 0, 380, 381, 5.3647682666778564, 0.008869171142578125, 0.00015997886657714844, 1.9788742065429688e-05, 5.0783157348632812e-05, 3.5762786865234375e-06, 0.00016999244689941406, 5.3554949760437012, 5.9397679463163255, 5.4161691975281077, 0.52359874878820989, 3330, 3372, 47.7131, 40.9425, 2.26453, 0.135979, 3.24668, 0.0282726, 0.837223, 0.257943, 
1e-1,2,70000,15.2674,1,2,43, 52.9416, 0.339981, 52.543, 0, 0, 349, 350, 4.8194057941436768, 0.0089893341064453125, 0.00021314620971679688, 4.5537948608398438e-05, 2.47955322265625e-05, 3.0994415283203125e-06, 0.00023055076599121094, 4.8098993301391602, 5.9369967272523105, 5.5171767023953944, 0.41982002485692371, 3679, 3722, 52.5325, 45.1112, 2.48963, 0.146348, 3.5617, 0.0332482, 0.912357, 0.278079, 
1e-1,2,80000,15.7317,1,2,44, 57.1513, 0.345619, 56.746, 0, 0, 296, 297, 4.2028543949127197, 0.0096974372863769531, 0.00036525726318359375, 0.00043272972106933594, 2.7894973754882812e-05, 3.814697265625e-06, 0.00017070770263671875, 4.1921565532684326, 5.9654659510624208, 5.505539835864151, 0.45992611519826837, 3975, 4019, 56.7354, 48.6672, 2.75385, 0.155283, 3.83351, 0.0357196, 0.983668, 0.306195, 
1e-1,2,90000,17.3402,1,2,45, 60.3981, 0.364463, 59.9727, 0, 0, 236, 237, 3.2263846397399902, 0.011293172836303711, 0.000225067138671875, 3.9815902709960938e-05, 2.6702880859375e-05, 4.0531158447265625e-06, 0.00017786026000976562, 3.2146179676055908, 5.9035509837256619, 5.5374572480980788, 0.36609373562756897, 4211, 4256, 59.9618, 51.461, 2.86803, 0.161654, 4.06491, 0.0379958, 1.04564, 0.322529, 
1e-1,2,100000,21.3799,1,2,46, 60.9343, 0.369117, 60.5027, 0, 0, 42, 43, 0.52981114387512207, 0.015472888946533203, 0.00015211105346679688, 2.1219253540039062e-05, 5.9366226196289062e-05, 2.86102294921875e-06, 0.00027775764465332031, 0.5138249397277832, 5.8779840738133906, 5.8662198355515116, 0.01176423826185638, 4253, 4299, 60.4916, 51.9335, 2.88725, 0.162877, 4.08979, 0.0383155, 1.05437, 0.32549, 
1e-1,2,200000,21.5335,1,2,47, 61.028, 0.375313, 60.5891, 0, 0, 5, 6, 0.086204290390014648, 0.010118484497070312, 0.00024127960205078125, 5.245208740234375e-05, 2.956390380859375e-05, 3.814697265625e-06, 0.00020313262939453125, 0.075555562973022461, 5.8993247703681826, 5.8978370453288207, 0.0014877250393835403, 4258, 4305, 60.5778, 52.0108, 2.88878, 0.163021, 4.0947, 0.0383465, 1.05638, 0.325751, 
1e-1,2,300000,21.5436,1,2,48, 61.1153, 0.381535, 60.669, 0, 0, 5, 6, 0.078771829605102539, 0.0092115402221679688, 0.000186920166015625, 2.0742416381835938e-05, 2.8371810913085938e-05, 3.0994415283203125e-06, 0.00017809867858886719, 0.069143056869506836, 5.9009348373657824, 5.8999430206728736, 0.00099181669297415676, 4263, 4311, 60.6566, 52.0828, 2.89031, 0.163131, 4.09818, 0.0383818, 1.05759, 0.326174, 
1e-1,2,400000,21.5487,1,2,49, 61.2112, 0.392802, 60.7524, 0, 0, 5, 6, 0.083256006240844727, 0.011311769485473633, 0.00013995170593261719, 2.09808349609375e-05, 2.3603439331054688e-05, 4.0531158447265625e-06, 0.00016617774963378906, 0.071589469909667969, 5.9017398708645814, 5.9009960083449018, 0.00074386251972505257, 4268, 4317, 60.7398, 52.1574, 2.89144, 0.163255, 4.10399, 0.0384178, 1.05877, 0.326526, 
1e-1,2,500000,21.5517,1,2,50, 61.3336, 0.399319, 60.8672, 0, 0, 5, 6, 0.11458134651184082, 0.0089409351348876953, 0.00018715858459472656, 2.2411346435546875e-05, 2.5033950805664062e-05, 2.6226043701171875e-06, 0.00016093254089355469, 0.10524225234985352, 5.9022228909638628, 5.901627800948118, 0.00059509001574453019, 4273, 4323, 60.8544, 52.2676, 2.8929, 0.163487, 4.10516, 0.0384467, 1.06003, 0.326825, 
1e-1,2,600000,21.5537,1,2,51, 61.4164, 0.405124, 60.9432, 0, 0, 5, 6, 0.075790643692016602, 0.012925386428833008, 0.00029206275939941406, 3.5047531127929688e-05, 2.956390380859375e-05, 3.0994415283203125e-06, 0.00020456314086914062, 0.062300920486450195, 5.9025449043633822, 5.9020489960169282, 0.00049590834638717912, 4278, 4329, 60.9302, 52.3384, 2.89446, 0.163632, 4.10633, 0.0384817, 1.06175, 0.327098, 
1e-1,2,700000,21.5553,1,2,52, 61.4927, 0.417716, 61.0057, 0, 0, 4, 5, 0.062342405319213867, 0.010222196578979492, 0.00029802322387695312, 2.4080276489257812e-05, 2.8848648071289062e-05, 3.814697265625e-06, 0.00019288063049316406, 0.051572561264038086, 5.9028065316167257, 5.9023725988503468, 0.00043393276630197819, 4282, 4334, 60.9925, 52.3972, 2.89559, 0.163747, 4.10741, 0.0385299, 1.06276, 0.327342, 
1e-1,2,800000,21.5564,1,2,53, 61.566, 0.430299, 61.0634, 0, 0, 4, 5, 0.057538509368896484, 0.0098083019256591797, 0.00013470649719238281, 1.9311904907226562e-05, 2.3603439331054688e-05, 3.0994415283203125e-06, 0.00024533271789550781, 0.047304153442382812, 5.9029750865847577, 5.9025953954141768, 0.00037969117058229973, 4286, 4339, 61.0501, 52.4486, 2.89704, 0.163874, 4.11053, 0.0385594, 1.06391, 0.327574, 
1e-1,2,900000,21.5572,1,2,54, 61.6589, 0.43897, 61.1462, 0, 0, 4, 5, 0.082651853561401367, 0.021124362945556641, 0.00023674964904785156, 5.5074691772460938e-05, 2.9802322387695312e-05, 3.337860107421875e-06, 0.00018382072448730469, 0.061018705368041992, 5.9031061848932289, 5.9027686816304881, 0.00033750326253984692, 4290, 4344, 61.1327, 52.5245, 2.89879, 0.164532, 4.11299, 0.0385923, 1.06544, 0.327904, 
1e-1,2,1e+06,21.5579,1,2,55, 61.7439, 0.446317, 61.2226, 0, 0, 4, 5, 0.076187849044799805, 0.012510538101196289, 0.00024557113647460938, 2.4080276489257812e-05, 2.8848648071289062e-05, 3.337860107421875e-06, 0.00021958351135253906, 0.063155889511108398, 5.9032110635400041, 5.9029073106035375, 0.00030375293635479667, 4294, 4349, 61.2089, 52.5942, 2.90015, 0.164629, 4.11643, 0.0386214, 1.06648, 0.328447, 
1e-1,2,2e+06,21.5609,1,2,56, 61.8135, 0.463011, 61.2742, 0, 0, 3, 4, 0.051407098770141602, 0.014199495315551758, 0.00036311149597167969, 2.5510787963867188e-05, 4.6253204345703125e-05, 4.76837158203125e-06, 0.00022840499877929688, 0.036539554595947266, 5.9037592869358839, 5.9035268716360241, 0.00023241530008232675, 4297, 4353, 61.2603, 52.6422, 2.90145, 0.164719, 4.11715, 0.0386448, 1.06746, 0.328683, 
1e-1,2,3e+06,21.5619,1,2,57, 61.914, 0.468812, 61.3678, 0, 0, 3, 4, 0.093359708786010742, 0.014260768890380859, 0.000217437744140625, 2.002716064453125e-05, 2.2649765014648438e-05, 3.814697265625e-06, 0.00027155876159667969, 0.078563451766967773, 5.9038911817442514, 5.9037362382110103, 0.00015494353357350249, 4300, 4357, 61.3537, 52.7325, 2.90259, 0.164786, 4.1178, 0.0386696, 1.06849, 0.328887, 
1e-1,2,4e+06,21.5624,1,2,58, 61.9669, 0.475563, 61.4128, 0, 0, 3, 4, 0.04481959342956543, 0.010110139846801758, 0.00031137466430664062, 4.673004150390625e-05, 6.2704086303710938e-05, 2.86102294921875e-06, 0.000225067138671875, 0.03406071662902832, 5.9039571291484343, 5.9038409214985048, 0.00011620765170631403, 4303, 4361, 61.3985, 52.774, 2.90352, 0.164884, 4.11857, 0.0386901, 1.0695, 0.329371, 
1e-1,2,5e+06,21.5627,1,2,59, 62.039, 0.483922, 61.4751, 0, 0, 3, 4, 0.062071800231933594, 0.010415792465209961, 0.00024819374084472656, 2.5510787963867188e-05, 2.574920654296875e-05, 4.76837158203125e-06, 0.00018262863159179688, 0.051169157028198242, 5.9039966975909444, 5.903903731470999, 9.2966119944346004e-05, 4306, 4365, 61.4606, 52.8252, 2.90445, 0.16496, 4.12739, 0.0387154, 1.07032, 0.329564, 
1e-1,2,6e+06,21.5629,1,2,60, 62.1039, 0.496106, 61.5266, 0, 0, 3, 4, 0.051361799240112305, 0.011893749237060547, 0.00027179718017578125, 6.4611434936523438e-05, 3.6478042602539062e-05, 4.5299530029296875e-06, 0.00024628639221191406, 0.03884434700012207, 5.9040230765526154, 5.9039456047859966, 7.7471765287731587e-05, 4309, 4369, 61.5119, 52.872, 2.90552, 0.165099, 4.12937, 0.0387378, 1.07139, 0.329836, 
1e-1,2,7e+06,21.563,1,2,61, 62.1672, 0.502245, 61.5828, 0, 0, 3, 4, 0.05304265022277832, 0.0092172622680664062, 0.00020956993103027344, 1.8835067749023438e-05, 2.9325485229492188e-05, 2.6226043701171875e-06, 0.00018763542175292969, 0.043377399444580078, 5.9040419186680984, 5.9039755142967092, 6.6404370611693186e-05, 4312, 4373, 61.565, 52.9203, 2.90652, 0.165221, 4.13188, 0.0387871, 1.07223, 0.33007, 
1e-1,2,8e+06,21.5631,1,2,62, 62.2239, 0.508195, 61.6322, 0, 0, 3, 4, 0.049251556396484375, 0.0097680091857910156, 0.00021791458129882812, 2.09808349609375e-05, 2.5510787963867188e-05, 3.337860107421875e-06, 0.00020956993103027344, 0.039006233215332031, 5.9040560502547077, 5.9039979464297421, 5.810382585331314e-05, 4315, 4377, 61.6142, 52.96, 2.90752, 0.165364, 4.13895, 0.0388088, 1.07319, 0.330392, 
1e-1,2,9e+06,21.5632,1,2,63, 62.2858, 0.514005, 61.6871, 0, 0, 3, 4, 0.054638862609863281, 0.013622045516967773, 0.00025820732116699219, 2.09808349609375e-05, 2.3365020751953125e-05, 3.5762786865234375e-06, 0.00018739700317382812, 0.040523290634155273, 5.9040670414887391, 5.9040153936443254, 5.1647847411157022e-05, 4318, 4381, 61.6689, 53.0112, 2.90875, 0.165488, 4.1397, 0.038831, 1.07416, 0.330731, 
1e-1,2,1e+07,21.5633,1,2,64, 62.352, 0.521901, 61.7444, 0, 0, 3, 4, 0.057107686996459961, 0.012217998504638672, 0.00024318695068359375, 3.528594970703125e-05, 3.8862228393554688e-05, 3.337860107421875e-06, 0.0002574920654296875, 0.0443115234375, 5.9040758344759627, 5.9040293514159909, 4.6483059972214635e-05, 4321, 4385, 61.726, 53.0559, 2.90974, 0.165565, 4.14981, 0.0388505, 1.07505, 0.331085, 
1e-1,2,2e+07,21.5636,1,2,65, 62.4037, 0.528699, 61.7882, 0, 0, 2, 3, 0.04356074333190918, 0.015899419784545898, 0.00030636787414550781, 3.9339065551757812e-05, 3.814697265625e-05, 3.814697265625e-06, 0.00032401084899902344, 0.026949644088745117, 5.9041428495530432, 5.9040957397029903, 4.7109850051962887e-05, 4323, 4388, 61.7695, 53.0965, 2.91069, 0.165641, 4.15034, 0.0388665, 1.07621, 0.331311, 
1e-1,2,3e+07,21.5637,1,2,66, 62.4536, 0.534924, 61.8306, 0, 0, 2, 3, 0.042256355285644531, 0.012995004653930664, 0.00022196769714355469, 4.7922134399414062e-05, 2.5272369384765625e-05, 3.814697265625e-06, 0.00017976760864257812, 0.02878260612487793, 5.9041468901556904, 5.9041154835889866, 3.1406563371610963e-05, 4325, 4391, 61.8118, 53.1366, 2.91141, 0.165711, 4.15074, 0.0388801, 1.07698, 0.331446, 
1e-1,2,4e+07,21.5637,1,2,67, 62.5193, 0.54252, 61.8872, 0, 0, 2, 3, 0.056389570236206055, 0.010851621627807617, 0.00034475326538085938, 2.8848648071289062e-05, 2.3365020751953125e-05, 4.76837158203125e-06, 0.00020456314086914062, 0.044931650161743164, 5.9041489104570131, 5.9041253555319848, 2.3554929466790275e-05, 4327, 4394, 61.8682, 53.1787, 2.92424, 0.165762, 4.15127, 0.0388968, 1.07762, 0.331666, 
1e-1,2,5e+07,21.5637,1,2,68, 62.5803, 0.55034, 61.9392, 0, 0, 2, 3, 0.051819562911987305, 0.011983156204223633, 0.00042748451232910156, 2.2649765014648438e-05, 2.4080276489257812e-05, 4.76837158203125e-06, 0.00020575523376464844, 0.039151668548583984, 5.9041501226378061, 5.9041312786977844, 1.8843934470436086e-05, 4329, 4397, 61.92, 53.2229, 2.9253, 0.165857, 4.15686, 0.0389156, 1.0783, 0.331857, 
1e-1,2,6e+07,21.5638,1,2,69, 62.6332, 0.558829, 61.982, 0, 0, 2, 3, 0.042417287826538086, 0.013836860656738281, 0.00027585029602050781, 2.002716064453125e-05, 5.5789947509765625e-05, 2.384185791015625e-06, 0.00025224685668945312, 0.027974128723144531, 5.9041509307583375, 5.9041352274749848, 1.5703283351153896e-05, 4331, 4400, 61.9624, 53.2626, 2.92639, 0.165901, 4.15734, 0.0389278, 1.0793, 0.331992, 
1e-1,2,7e+07,21.5638,1,2,70, 62.6821, 0.567023, 62.0216, 0, 0, 2, 3, 0.039478540420532227, 0.011330842971801758, 0.00021409988403320312, 2.193450927734375e-05, 5.5789947509765625e-05, 4.0531158447265625e-06, 0.0001811981201171875, 0.027670621871948242, 5.9041515079872848, 5.9041380480301271, 1.3459964928644319e-05, 4333, 4403, 62.0019, 53.2968, 2.92724, 0.165945, 4.16074, 0.0389426, 1.0799, 0.33233, 
1e-1,2,8e+07,21.5638,1,2,71, 62.7266, 0.573498, 62.058, 0, 0, 2, 3, 0.036214590072631836, 0.015478134155273438, 0.00027418136596679688, 2.8133392333984375e-05, 2.9802322387695312e-05, 4.291534423828125e-06, 0.00023150444030761719, 0.020168542861938477, 5.9041519409089966, 5.9041401634464847, 1.1777462512727044e-05, 4335, 4406, 62.0381, 53.3311, 2.92797, 0.166001, 4.16113, 0.0389564, 1.08049, 0.332473, 
1e-1,2,9e+07,21.5638,1,2,72, 62.7733, 0.581484, 62.0949, 0, 0, 2, 3, 0.036417245864868164, 0.0095050334930419922, 0.00019073486328125, 1.9788742065429688e-05, 0.00011491775512695312, 3.5762786865234375e-06, 0.00018262863159179688, 0.026400566101074219, 5.9041522776258848, 5.9041418087703166, 1.0468855568435131e-05, 4337, 4409, 62.0745, 53.364, 2.92982, 0.166044, 4.16162, 0.0390916, 1.08116, 0.332762, 
1e-1,2,1e+08,21.5638,1,2,73, 62.8333, 0.590104, 62.1451, 0, 0, 2, 3, 0.050029516220092773, 0.0091135501861572266, 0.00013709068298339844, 2.0265579223632812e-05, 2.5987625122070312e-05, 2.86102294921875e-06, 0.00017380714416503906, 0.040555953979492188, 5.904152546999395, 5.9041431250293845, 9.4219811127976838e-06, 4339, 4412, 62.1246, 53.406, 2.93632, 0.16609, 4.16202, 0.0391057, 1.08214, 0.332932, 