?fem_reduce,K,epssqr,abserr,Theta0,Theta1,it all, t all, t gamma update, t gamma solve, t theta update, t theta solve, SPGQP it, SPGQP hessmult, SPGQP t all, SPGQP t project, SPGQP t matmult, SPGQP t dot, SPGQP t update, SPGQP t stepsize, SPGQP t fs, SPGQP t other, SPGQP fx, SPGQP fx_linear, SPGQP fx_quadratic, SPGQP_sum it, SPGQP_sum hessmult, SPGQP_sum t all, SPGQP_sum t project, SPGQP_sum t matmult, SPGQP_sum t dot, SPGQP_sum t update, SPGQP_sum t stepsize, SPGQP_sum t fs, SPGQP_sum t other, 
1e-3,2,1,20.3715,1,2,1, 0.0495355, 0.00691938, 0.0405934, 0, 0, 2, 3, 0.040383815765380859, 0.014521598815917969, 0.00026965141296386719, 2.4318695068359375e-05, 2.8133392333984375e-05, 2.86102294921875e-06, 0.00017976760864257812, 0.025357484817504883, 102.57887428507183, 102.57287428507183, 0.0060000000000000001, 2, 3, 0.0403838, 0.0378141, 0.00111842, 5.45979e-05, 0.000500917, 2.0504e-05, 0.000675201, 0.000200033, 
1e-3,2,2,20.3715,1,2,2, 0.0942471, 0.0155189, 0.0755711, 0, 0, 1, 2, 0.034721136093139648, 0.016338348388671875, 0.00021982192993164062, 2.5510787963867188e-05, 3.337860107421875e-05, 2.86102294921875e-06, 0.00025391578674316406, 0.017847299575805664, 102.58487428507183, 102.57287428507183, 0.012, 3, 5, 0.075105, 0.0638735, 0.00156617, 8.01086e-05, 0.00808382, 2.69413e-05, 0.00115943, 0.000314951, 
1e-3,2,3,20.3715,1,2,3, 0.127936, 0.0214834, 0.10255, 0, 0, 1, 2, 0.026811599731445312, 0.014895439147949219, 0.00031709671020507812, 2.288818359375e-05, 2.956390380859375e-05, 3.0994415283203125e-06, 0.00023198127746582031, 0.011311531066894531, 102.59087428507183, 102.57287428507183, 0.018000000000000002, 4, 7, 0.101917, 0.0893383, 0.00207591, 0.000102997, 0.00832844, 3.45707e-05, 0.00162315, 0.000413179, 
1e-3,2,4,20.3715,1,2,4, 0.162051, 0.0287614, 0.127968, 0, 0, 1, 2, 0.02516627311706543, 0.011509895324707031, 0.000286102294921875, 6.008148193359375e-05, 3.4809112548828125e-05, 3.5762786865234375e-06, 0.00050449371337890625, 0.012767314910888672, 102.59687428507183, 102.57287428507183, 0.024, 5, 9, 0.127083, 0.111929, 0.00342441, 0.000163078, 0.00856018, 4.22001e-05, 0.00243998, 0.000523567, 
1e-3,2,5,20.3715,1,2,5, 0.333444, 0.0408466, 0.286285, 0, 0, 1, 2, 0.15807032585144043, 0.021148204803466797, 0.092186212539672852, 0.00013041496276855469, 3.1232833862304688e-05, 2.384185791015625e-06, 0.00029420852661132812, 0.044277667999267578, 102.60287428507183, 102.57287428507183, 0.029999999999999999, 6, 11, 0.285153, 0.145211, 0.0974379, 0.000293493, 0.038512, 4.81606e-05, 0.00293207, 0.000718355, 
1e-3,2,6,20.3715,1,2,6, 0.362424, 0.0466282, 0.308361, 0, 0, 1, 2, 0.021827459335327148, 0.01221776008605957, 0.00021982192993164062, 2.5033950805664062e-05, 3.2663345336914062e-05, 5.0067901611328125e-06, 0.00027894973754882812, 0.0090482234954833984, 102.60887428507183, 102.57287428507183, 0.036000000000000004, 7, 13, 0.306981, 0.165917, 0.0978174, 0.000318527, 0.038702, 5.84126e-05, 0.00335622, 0.0008111, 
1e-3,2,7,20.3715,1,2,7, 0.401084, 0.0522711, 0.340208, 0, 0, 1, 2, 0.031676292419433594, 0.012454986572265625, 0.00020265579223632812, 2.0265579223632812e-05, 2.3365020751953125e-05, 3.337860107421875e-06, 0.00017189979553222656, 0.018799781799316406, 102.61487428507183, 102.57287428507183, 0.042000000000000003, 8, 15, 0.338657, 0.190504, 0.0982637, 0.000338793, 0.0389106, 6.53267e-05, 0.00373578, 0.00683832, 
1e-3,2,8,20.3715,1,2,8, 0.438415, 0.0582683, 0.370373, 0, 0, 1, 2, 0.030040979385375977, 0.014490365982055664, 0.00023508071899414062, 4.3153762817382812e-05, 2.193450927734375e-05, 2.5510787963867188e-05, 0.00021862983703613281, 0.015006303787231445, 102.62087428507184, 102.57287428507183, 0.048000000000000001, 9, 17, 0.368698, 0.219001, 0.0988498, 0.000381947, 0.0391574, 9.36985e-05, 0.00422525, 0.00698876, 
1e-3,2,9,20.3715,1,2,9, 0.474652, 0.0652065, 0.398401, 0, 0, 1, 2, 0.027853012084960938, 0.015473365783691406, 0.00021076202392578125, 3.7431716918945312e-05, 3.3855438232421875e-05, 2.86102294921875e-06, 0.00022816658020019531, 0.011866569519042969, 102.62687428507184, 102.57287428507183, 0.054000000000000006, 10, 19, 0.396551, 0.245127, 0.0996706, 0.000419378, 0.0393693, 0.000101805, 0.00466728, 0.00719547, 
1e-3,2,10,20.3715,1,2,10, 0.519836, 0.0854764, 0.421718, 0, 0, 1, 2, 0.022803306579589844, 0.0094182491302490234, 0.00024342536926269531, 6.3657760620117188e-05, 3.6954879760742188e-05, 2.86102294921875e-06, 0.00031018257141113281, 0.012727975845336914, 102.63287428507184, 102.57287428507183, 0.059999999999999998, 11, 21, 0.419354, 0.266454, 0.10013, 0.000483036, 0.0396993, 0.000107527, 0.00513434, 0.00734615, 
1e-3,2,20,20.3715,1,2,11, 0.556605, 0.0959535, 0.446526, 0, 0, 1, 2, 0.024644136428833008, 0.010268211364746094, 0.00025820732116699219, 2.6464462280273438e-05, 4.4107437133789062e-05, 3.337860107421875e-06, 0.00019812583923339844, 0.013845682144165039, 102.69287428507184, 102.57287428507183, 0.12, 12, 23, 0.443998, 0.288109, 0.102304, 0.000509501, 0.0399249, 0.000114202, 0.00558901, 0.00744796, 
1e-3,2,30,20.3715,1,2,12, 0.590973, 0.103035, 0.472717, 0, 0, 1, 2, 0.026022195816040039, 0.012351512908935547, 0.00020360946655273438, 2.4080276489257812e-05, 3.0755996704101562e-05, 3.0994415283203125e-06, 0.00022053718566894531, 0.013188600540161133, 102.75287428507184, 102.57287428507183, 0.17999999999999999, 13, 25, 0.470021, 0.310954, 0.102829, 0.000533581, 0.0418878, 0.00014472, 0.00613022, 0.00754118, 
1e-3,2,40,20.3715,1,2,13, 0.632536, 0.109078, 0.50681, 0, 0, 1, 2, 0.033925771713256836, 0.0097098350524902344, 0.000209808349609375, 2.6464462280273438e-05, 3.4570693969726562e-05, 3.5762786865234375e-06, 0.00019979476928710938, 0.023741722106933594, 102.81287428507183, 102.57287428507183, 0.23999999999999999, 14, 27, 0.503946, 0.343657, 0.103288, 0.000560045, 0.0420799, 0.000152826, 0.00651121, 0.00769639, 
1e-3,2,50,20.3715,1,2,14, 0.672502, 0.117467, 0.537454, 0, 0, 1, 2, 0.030508756637573242, 0.014099359512329102, 0.00023221969604492188, 2.0503997802734375e-05, 2.384185791015625e-05, 3.5762786865234375e-06, 0.00018286705017089844, 0.015946388244628906, 102.87287428507184, 102.57287428507183, 0.30000000000000004, 15, 29, 0.534455, 0.369735, 0.104805, 0.000580549, 0.042269, 0.000161648, 0.00687551, 0.0100274, 
1e-3,2,60,20.3715,1,2,15, 0.708162, 0.123376, 0.5659, 0, 0, 1, 2, 0.028253316879272461, 0.013000249862670898, 0.00025415420532226562, 5.1736831665039062e-05, 2.5272369384765625e-05, 2.6226043701171875e-06, 0.00020909309387207031, 0.014710187911987305, 102.93287428507182, 102.57287428507183, 0.35999999999999999, 16, 31, 0.562708, 0.39665, 0.105289, 0.000632286, 0.0425286, 0.000169039, 0.00730634, 0.0101326, 
1e-3,2,70,20.3715,1,2,16, 0.739839, 0.129444, 0.590605, 0, 0, 1, 2, 0.024572610855102539, 0.013641595840454102, 0.0002765655517578125, 6.8426132202148438e-05, 3.1709671020507812e-05, 2.86102294921875e-06, 0.00026011466979980469, 0.010291337966918945, 102.99287428507184, 102.57287428507183, 0.42000000000000004, 17, 33, 0.587281, 0.419152, 0.105669, 0.000700712, 0.042815, 0.000177145, 0.0078516, 0.0109158, 
1e-3,2,80,20.3715,1,2,17, 0.772991, 0.137002, 0.613955, 0, 0, 1, 2, 0.023214340209960938, 0.010622024536132812, 0.00022625923156738281, 2.4557113647460938e-05, 4.1723251342773438e-05, 3.814697265625e-06, 0.00018167495727539062, 0.012114286422729492, 103.05287428507182, 102.57287428507183, 0.47999999999999998, 18, 35, 0.610495, 0.439069, 0.106209, 0.000725269, 0.0449879, 0.000209332, 0.00825953, 0.0110359, 
1e-3,2,90,20.3715,1,2,18, 0.81506, 0.147759, 0.643692, 0, 0, 1, 2, 0.029516220092773438, 0.014565467834472656, 0.00042438507080078125, 4.7206878662109375e-05, 4.100799560546875e-05, 5.4836273193359375e-06, 0.00030732154846191406, 0.014125347137451172, 103.11287428507183, 102.57287428507183, 0.54000000000000004, 19, 37, 0.640012, 0.462934, 0.106857, 0.000772476, 0.0492117, 0.000219345, 0.00880384, 0.0112135, 
1e-3,2,100,20.0549,1,2,19, 0.876699, 0.154259, 0.697399, 0, 0, 3, 4, 0.053400754928588867, 0.0098285675048828125, 0.000270843505859375, 3.5762786865234375e-05, 3.9577484130859375e-05, 3.0994415283203125e-06, 0.00024533271789550781, 0.042977571487426758, 103.17098422106216, 102.62408599658778, 0.5468982244743763, 22, 41, 0.693412, 0.51296, 0.107901, 0.000860929, 0.0499616, 0.000241756, 0.00959468, 0.0118926, 
1e-3,2,200,19.1112,1,2,20, 0.952142, 0.174687, 0.750545, 0, 0, 3, 4, 0.052924633026123047, 0.010453701019287109, 0.00013446807861328125, 2.765655517578125e-05, 3.2186508178710938e-05, 2.86102294921875e-06, 0.00025629997253417969, 0.042017459869384766, 103.54443333329934, 102.97098422106217, 0.57344911223718553, 25, 45, 0.746337, 0.562783, 0.108761, 0.000941515, 0.050741, 0.000265598, 0.0106885, 0.0121562, 
1e-3,2,300,19.2922,1,2,21, 1.01669, 0.181668, 0.806845, 0, 0, 3, 4, 0.056127071380615234, 0.01896214485168457, 0.00020337104797363281, 4.863739013671875e-05, 2.956390380859375e-05, 3.0994415283203125e-06, 0.00017857551574707031, 0.036701679229736328, 103.80224970404507, 103.08661696255362, 0.71563274149145772, 28, 49, 0.802464, 0.615459, 0.11029, 0.00104046, 0.0514584, 0.000284672, 0.0114999, 0.0124319, 
1e-3,2,400,19.475,1,2,22, 1.1166, 0.187763, 0.899695, 0, 0, 6, 7, 0.092684268951416016, 0.011038064956665039, 0.00016617774963378906, 2.4557113647460938e-05, 2.8848648071289062e-05, 4.0531158447265625e-06, 0.00026869773864746094, 0.08115386962890625, 104.03115788941798, 103.14443333329939, 0.88672455611859347, 34, 56, 0.895148, 0.699849, 0.111661, 0.00118399, 0.0559146, 0.000329494, 0.01336, 0.01285, 
1e-3,2,500,19.2875,1,2,23, 1.30052, 0.193126, 1.07734, 0, 0, 9, 10, 0.17741012573242188, 0.029792070388793945, 0.00025701522827148438, 2.4080276489257812e-05, 2.574920654296875e-05, 3.814697265625e-06, 0.00021123886108398438, 0.14709615707397461, 104.24464604833139, 103.27282302720903, 0.97182302112236751, 43, 66, 1.07256, 0.828347, 0.113974, 0.00146174, 0.0991781, 0.00041604, 0.0157449, 0.0134366, 
1e-3,2,600,18.7991,1,2,24, 1.42265, 0.211796, 1.17973, 0, 0, 7, 8, 0.10219001770019531, 0.014585494995117188, 0.00017666816711425781, 2.002716064453125e-05, 4.482269287109375e-05, 4.5299530029296875e-06, 0.00020599365234375, 0.087152481079101562, 104.41772766316404, 103.48563794472307, 0.93208971844098409, 50, 74, 1.17475, 0.924103, 0.116624, 0.00165844, 0.100566, 0.000469685, 0.0175028, 0.0138249, 
1e-3,2,700,18.5149,1,2,25, 1.52904, 0.21774, 1.27929, 0, 0, 7, 8, 0.099406003952026367, 0.018188714981079102, 0.00024294853210449219, 3.6478042602539062e-05, 3.147125244140625e-05, 2.384185791015625e-06, 0.00017476081848144531, 0.080729246139526367, 104.56040500677703, 103.63767425764998, 0.9227307491270621, 57, 82, 1.27415, 1.01673, 0.118795, 0.0018785, 0.102764, 0.000550032, 0.0190561, 0.014385, 
1e-3,2,800,18.3389,1,2,26, 1.64574, 0.224086, 1.38864, 0, 0, 7, 8, 0.10921454429626465, 0.010187625885009766, 0.00016498565673828125, 1.9788742065429688e-05, 0.000141143798828125, 4.5299530029296875e-06, 0.00024056434631347656, 0.098455905914306641, 104.68407968129128, 103.75169033567106, 0.93238934562022302, 64, 90, 1.38337, 1.11823, 0.12038, 0.00205541, 0.106401, 0.000595808, 0.0206594, 0.0150452, 
1e-3,2,900,18.2247,1,2,27, 1.76587, 0.230923, 1.50044, 0, 0, 8, 9, 0.1116187572479248, 0.010123968124389648, 0.00011658668518066406, 1.9550323486328125e-05, 2.193450927734375e-05, 2.6226043701171875e-06, 0.00018477439880371094, 0.10114932060241699, 104.79508590961737, 103.84036924196846, 0.95471666764890883, 72, 99, 1.49499, 1.22267, 0.122222, 0.00226784, 0.108176, 0.000648975, 0.0233486, 0.0156565, 
1e-3,2,1000,18.1479,1,2,28, 2.05177, 0.236605, 1.77964, 0, 0, 10, 11, 0.27900362014770508, 0.0087647438049316406, 0.00014185905456542969, 2.9325485229492188e-05, 2.7894973754882812e-05, 4.5299530029296875e-06, 0.00014233589172363281, 0.26989293098449707, 104.89722422561135, 103.91131271679293, 0.98591150881841561, 82, 110, 1.77399, 1.36094, 0.222263, 0.00261021, 0.145035, 0.000807285, 0.0261769, 0.0161633, 
1e-3,2,2000,17.5212,1,2,29, 2.23366, 0.24319, 1.95387, 0, 0, 13, 14, 0.17401719093322754, 0.01078343391418457, 0.000152587890625, 2.193450927734375e-05, 2.5987625122070312e-05, 3.814697265625e-06, 0.00024127960205078125, 0.16278815269470215, 105.69819409838698, 104.36365355595802, 1.3345405424289463, 95, 124, 1.94801, 1.51257, 0.224949, 0.00298977, 0.147896, 0.000921249, 0.0290194, 0.0296614, 
1e-3,2,3000,17.2283,1,2,30, 2.39292, 0.249033, 2.10602, 0, 0, 10, 11, 0.15190696716308594, 0.013990163803100586, 0.00023508071899414062, 2.956390380859375e-05, 4.1246414184570312e-05, 3.5762786865234375e-06, 0.00035190582275390625, 0.13725543022155762, 106.30970705557455, 104.5866793585063, 1.7230276970682479, 105, 135, 2.09992, 1.65328, 0.227639, 0.00332403, 0.152378, 0.00101471, 0.0319579, 0.0303261, 
1e-3,2,4000,17.1294,1,2,31, 2.61572, 0.256316, 2.32052, 0, 0, 16, 17, 0.21430444717407227, 0.014756441116333008, 0.00018048286437988281, 1.8835067749023438e-05, 2.384185791015625e-05, 2.6226043701171875e-06, 0.00026464462280273438, 0.19905757904052734, 106.86546353387789, 104.69819204105454, 2.1672714928233368, 121, 152, 2.31422, 1.85171, 0.23074, 0.00372982, 0.159181, 0.0012157, 0.0353563, 0.0322874, 
1e-3,2,5000,17.0857,1,2,32, 2.84102, 0.262264, 2.53865, 0, 0, 16, 17, 0.21790122985839844, 0.011399269104003906, 0.00014758110046386719, 4.5299530029296875e-05, 2.7894973754882812e-05, 2.6226043701171875e-06, 0.00016140937805175781, 0.20611715316772461, 107.3989174209693, 104.7651018979185, 2.6338155230508145, 137, 169, 2.53212, 2.05791, 0.233923, 0.00415421, 0.162916, 0.00135231, 0.038677, 0.0331888, 
1e-3,2,6000,17.0631,1,2,33, 3.05789, 0.270311, 2.74649, 0, 0, 14, 15, 0.20766496658325195, 0.012571573257446289, 0.00021910667419433594, 3.9577484130859375e-05, 3.6478042602539062e-05, 4.76837158203125e-06, 0.00028157234191894531, 0.19451189041137695, 107.92122002258282, 104.80974373831799, 3.11147628426483, 151, 184, 2.73979, 2.25428, 0.237273, 0.00459957, 0.166412, 0.00144982, 0.0418029, 0.033968, 
1e-3,2,7000,17.0502,1,2,34, 3.27653, 0.277909, 2.95646, 0, 0, 13, 14, 0.20982170104980469, 0.029761075973510742, 0.00019884109497070312, 2.3603439331054688e-05, 4.8398971557617188e-05, 4.291534423828125e-06, 0.00017809867858886719, 0.17960739135742188, 108.43715043662097, 104.84156848737464, 3.5955819492463328, 164, 198, 2.94961, 2.45419, 0.240328, 0.00493312, 0.169421, 0.00154829, 0.0445342, 0.0346551, 
1e-3,2,8000,17.0423,1,2,35, 3.48379, 0.283394, 3.15675, 0, 0, 14, 15, 0.2000892162322998, 0.0070948600769042969, 0.00011563301086425781, 5.435943603515625e-05, 5.1975250244140625e-05, 3.0994415283203125e-06, 0.0001659393310546875, 0.19260334968566895, 108.94909825165581, 104.86546384623095, 4.0836344054248608, 178, 213, 3.1497, 2.62448, 0.243575, 0.00539875, 0.191529, 0.00164151, 0.047658, 0.0354123, 
1e-3,2,9000,17.0371,1,2,36, 3.71286, 0.290393, 3.37764, 0, 0, 15, 16, 0.2206721305847168, 0.0099968910217285156, 0.00018954277038574219, 5.3644180297851562e-05, 3.9339065551757812e-05, 3.814697265625e-06, 0.00019288063049316406, 0.21019601821899414, 109.45839099803658, 104.88404862465698, 4.5743423733795954, 193, 229, 3.37037, 2.83127, 0.246888, 0.00577974, 0.194987, 0.00175977, 0.0533125, 0.0363743, 
1e-3,2,10000,17.0337,1,2,37, 3.94236, 0.296189, 3.59997, 0, 0, 15, 16, 0.22215485572814941, 0.019529819488525391, 0.00027155876159667969, 2.1696090698242188e-05, 2.5272369384765625e-05, 2.8133392333984375e-05, 0.00017142295837402344, 0.20210695266723633, 109.96582519521729, 104.89891407922218, 5.0669111159951168, 208, 245, 3.59252, 3.03802, 0.249916, 0.00611854, 0.203354, 0.00189424, 0.0560279, 0.0371919, 
1e-3,2,20000,16.1855,1,2,38, 4.40541, 0.305608, 4.05253, 0, 0, 32, 33, 0.45239615440368652, 0.0083153247833251953, 0.00016880035400390625, 1.6689300537109375e-05, 2.2649765014648438e-05, 2.5987625122070312e-05, 0.00020170211791992188, 0.44364500045776367, 113.79184392852233, 109.50088443913182, 4.2909594893904917, 240, 278, 4.04492, 3.4561, 0.258803, 0.00712252, 0.219515, 0.00212693, 0.0625119, 0.0387385, 
1e-3,2,30000,17.105,1,2,39, 4.9643, 0.311213, 4.60466, 0, 0, 32, 33, 0.55189251899719238, 0.010274410247802734, 0.00022292137145996094, 2.1457672119140625e-05, 2.9325485229492188e-05, 3.814697265625e-06, 0.00022172927856445312, 0.54111886024475098, 115.22226242553182, 112.36137068963725, 2.8608917358945658, 272, 311, 4.59681, 3.8481, 0.355671, 0.0081563, 0.271843, 0.00237274, 0.0697095, 0.040957, 
1e-3,2,40000,17.9385,1,2,40, 5.39756, 0.323026, 5.02497, 0, 0, 33, 34, 0.41991782188415527, 0.010116100311279297, 0.00012898445129394531, 1.9550323486328125e-05, 2.3126602172851562e-05, 3.814697265625e-06, 0.00021266937255859375, 0.40941357612609863, 115.93747170217853, 113.79192855621203, 2.14554314596651, 305, 345, 5.01673, 4.23013, 0.361617, 0.00888968, 0.293311, 0.00263858, 0.0776052, 0.0425365, 
1e-3,2,50000,18.5408,1,2,41, 5.93186, 0.329251, 5.55189, 0, 0, 32, 33, 0.52671980857849121, 0.021320819854736328, 0.000110626220703125, 2.574920654296875e-05, 2.5272369384765625e-05, 3.5762786865234375e-06, 7.9393386840820312e-05, 0.50515437126159668, 116.36659725034546, 114.650121729551, 1.7164755207944675, 337, 378, 5.54345, 4.65876, 0.406689, 0.00968766, 0.33645, 0.00307465, 0.0843565, 0.0444305, 
1e-3,2,60000,18.9806,1,2,42, 6.32662, 0.334729, 5.94006, 0, 0, 31, 32, 0.38797235488891602, 0.011541843414306641, 0.00016498565673828125, 3.1709671020507812e-05, 3.337860107421875e-05, 3.5762786865234375e-06, 0.00023388862609863281, 0.37596297264099121, 116.6526810149916, 115.22219657939735, 1.4304844355942412, 368, 410, 5.93142, 5.01444, 0.413016, 0.0110965, 0.352806, 0.00331473, 0.0904787, 0.046268, 
1e-3,2,70000,19.3121,1,2,43, 6.74534, 0.340138, 6.35227, 0, 0, 31, 32, 0.41205334663391113, 0.012518405914306641, 0.00012445449829101562, 4.6014785766601562e-05, 8.4400177001953125e-05, 2.6226043701171875e-06, 0.00015735626220703125, 0.39912009239196777, 116.85702650245274, 115.63089698622909, 1.2261295162236441, 399, 442, 6.34348, 5.39453, 0.42031, 0.0119369, 0.367992, 0.0035615, 0.0970964, 0.0480516, 
1e-3,2,80000,19.5697,1,2,44, 7.20824, 0.346002, 6.80815, 0, 0, 31, 32, 0.45563030242919922, 0.011253595352172852, 0.00013065338134765625, 1.9073486328125e-05, 2.3126602172851562e-05, 2.6226043701171875e-06, 0.00016260147094726562, 0.44403862953186035, 117.0102856180486, 115.9374222913529, 1.0728633266957002, 430, 474, 6.79911, 5.77321, 0.433339, 0.0127494, 0.4231, 0.00379658, 0.102955, 0.0499537, 
1e-3,2,90000,19.7752,1,2,45, 7.6582, 0.351954, 7.25123, 0, 0, 31, 32, 0.44284558296203613, 0.010267972946166992, 0.00012159347534179688, 1.8358230590820312e-05, 2.384185791015625e-05, 2.86102294921875e-06, 0.00018787384033203125, 0.43222308158874512, 117.12948715240094, 116.17583086200477, 0.95365629039617339, 461, 506, 7.24195, 6.17303, 0.439514, 0.0235498, 0.440998, 0.00404978, 0.109497, 0.0513105, 
1e-3,2,100000,19.9427,1,2,46, 8.08655, 0.359539, 7.671, 0, 0, 31, 32, 0.41958808898925781, 0.01547694206237793, 0.00018405914306640625, 2.0742416381835938e-05, 2.5272369384765625e-05, 3.5762786865234375e-06, 0.0001697540283203125, 0.40370774269104004, 117.2248483798828, 116.36655771852622, 0.85829066135656795, 492, 538, 7.66154, 6.56713, 0.448686, 0.0244768, 0.448263, 0.00430775, 0.115635, 0.0530381, 
1e-3,2,200000,20.7289,1,2,47, 8.50184, 0.365079, 8.07942, 0, 0, 30, 31, 0.40819621086120605, 0.010711193084716797, 0.00013637542724609375, 1.8358230590820312e-05, 2.2649765014648438e-05, 3.337860107421875e-06, 0.00015902519226074219, 0.39714527130126953, 117.65397395870637, 117.22479515354974, 0.4291788051566412, 522, 569, 8.06974, 6.95099, 0.456655, 0.0252721, 0.456051, 0.0045073, 0.121532, 0.0547242, 
1e-3,2,300000,21.0062,1,2,48, 8.84652, 0.370742, 8.41728, 0, 0, 24, 25, 0.33768534660339355, 0.012755155563354492, 0.00017786026000976562, 2.002716064453125e-05, 2.2649765014648438e-05, 3.5762786865234375e-06, 0.00016546249389648438, 0.32454061508178711, 117.79703027949992, 117.51485689642111, 0.28217338307879869, 546, 594, 8.40742, 7.24895, 0.467254, 0.0258508, 0.47704, 0.00470662, 0.127114, 0.0565026, 
1e-3,2,400000,21.1438,1,2,49, 9.16533, 0.376404, 8.72946, 0, 0, 24, 25, 0.31198716163635254, 0.012005805969238281, 0.00019717216491699219, 2.0742416381835938e-05, 2.2649765014648438e-05, 4.291534423828125e-06, 0.00022220611572265625, 0.2995142936706543, 117.86854756642984, 117.65691752912076, 0.21163003730907448, 570, 619, 8.71941, 7.53703, 0.472059, 0.026505, 0.488179, 0.00492144, 0.132533, 0.0581806, 
1e-3,2,500000,21.2269,1,2,50, 9.56907, 0.382766, 9.12576, 0, 0, 24, 25, 0.39603281021118164, 0.010017871856689453, 0.00012731552124023438, 2.0265579223632812e-05, 5.1021575927734375e-05, 4.291534423828125e-06, 0.00016617774963378906, 0.38564586639404297, 117.9114579385878, 117.74215390874056, 0.16930402984724235, 594, 644, 9.11544, 7.82988, 0.527823, 0.0270853, 0.528012, 0.00509882, 0.137742, 0.0598016, 
1e-3,2,600000,21.2826,1,2,51, 9.95126, 0.38846, 9.50126, 0, 0, 24, 25, 0.37531375885009766, 0.0096213817596435547, 0.00013995170593261719, 1.9311904907226562e-05, 4.4107437133789062e-05, 3.0994415283203125e-06, 0.00016379356384277344, 0.36532211303710938, 117.94006485335977, 117.79897816182029, 0.14108669153947195, 618, 669, 9.49076, 8.12555, 0.563839, 0.0278244, 0.564635, 0.0053041, 0.142635, 0.0609682, 
1e-3,2,700000,21.3225,1,2,52, 10.2686, 0.395004, 9.81087, 0, 0, 24, 25, 0.30945444107055664, 0.0098202228546142578, 0.00018906593322753906, 2.0265579223632812e-05, 2.956390380859375e-05, 4.291534423828125e-06, 0.00023365020751953125, 0.29915738105773926, 117.9604983639112, 117.83956691402034, 0.12093144989085713, 642, 694, 9.80021, 8.39305, 0.568938, 0.0286314, 0.593674, 0.005476, 0.14809, 0.06235, 
1e-3,2,800000,21.3524,1,2,53, 10.5799, 0.40042, 10.1157, 0, 0, 24, 25, 0.30459308624267578, 0.0094077587127685547, 0.00017595291137695312, 1.9788742065429688e-05, 2.4318695068359375e-05, 4.76837158203125e-06, 0.00020599365234375, 0.2947545051574707, 117.97582349682475, 117.87000847817023, 0.10581501865449061, 666, 719, 10.1048, 8.67095, 0.575966, 0.0292773, 0.604938, 0.00573516, 0.154031, 0.0639098, 
1e-3,2,900000,21.3758,1,2,54, 10.9184, 0.406288, 10.4473, 0, 0, 24, 25, 0.33148837089538574, 0.022250890731811523, 0.00017762184143066406, 1.9550323486328125e-05, 2.384185791015625e-05, 3.337860107421875e-06, 0.00016951560974121094, 0.30884361267089844, 117.98774304464639, 117.89368525028681, 0.094057794359577951, 690, 744, 10.4363, 8.96295, 0.58754, 0.0298615, 0.62563, 0.00591016, 0.158998, 0.0653975, 
1e-3,2,1e+06,21.3945,1,2,55, 11.2452, 0.413759, 10.7656, 0, 0, 24, 25, 0.31808376312255859, 0.0099070072174072266, 0.00024294853210449219, 4.38690185546875e-05, 8.2254409790039062e-05, 5.9604644775390625e-06, 0.00019216537475585938, 0.30760955810546875, 117.9972786829037, 117.91262666798008, 0.084652014923633612, 714, 769, 10.7544, 9.25302, 0.592131, 0.0304899, 0.631048, 0.0162685, 0.1645, 0.0669196, 
1e-3,2,2e+06,21.4805,1,2,56, 11.4865, 0.419605, 11.0001, 0, 0, 17, 18, 0.23431086540222168, 0.012933969497680664, 0.00024008750915527344, 3.6954879760742188e-05, 3.4332275390625e-05, 3.814697265625e-06, 0.00022935867309570312, 0.22083234786987305, 118.04021339888278, 117.99918180053695, 0.041031598345831366, 731, 787, 10.9887, 9.471, 0.595837, 0.0310662, 0.637693, 0.0163939, 0.168749, 0.0679486, 
1e-3,2,3e+06,21.5083,1,2,57, 11.8116, 0.425193, 11.3185, 0, 0, 17, 18, 0.31824684143066406, 0.010578632354736328, 0.00020837783813476562, 2.0503997802734375e-05, 2.3603439331054688e-05, 3.814697265625e-06, 0.00017547607421875, 0.3072364330291748, 118.05450874166173, 118.0271543427645, 0.027354398897232013, 748, 805, 11.3069, 9.69934, 0.645209, 0.0318651, 0.672597, 0.0165074, 0.172606, 0.068809, 
1e-3,2,4e+06,21.5221,1,2,58, 12.0452, 0.442067, 11.5341, 0, 0, 17, 18, 0.21535158157348633, 0.0088381767272949219, 0.00012278556823730469, 1.8835067749023438e-05, 5.2213668823242188e-05, 3.0994415283203125e-06, 0.0001678466796875, 0.20614862442016602, 118.0616564130512, 118.04114061387827, 0.020515799172935445, 765, 823, 11.5223, 9.89705, 0.648945, 0.0323563, 0.680318, 0.0166349, 0.176493, 0.0704827, 
1e-3,2,5e+06,21.5305,1,2,59, 12.3529, 0.449485, 11.8335, 0, 0, 17, 18, 0.29918622970581055, 0.0091381072998046875, 7.0095062255859375e-05, 0.00039029121398925781, 7.05718994140625e-05, 2.384185791015625e-06, 0.00023603439331054688, 0.28927874565124512, 118.06594501588489, 118.04953237654658, 0.016412639338321267, 782, 841, 11.8215, 10.0957, 0.675656, 0.0332468, 0.746104, 0.0167565, 0.182586, 0.0714514, 
1e-3,2,6e+06,21.5361,1,2,60, 12.5726, 0.454733, 12.0453, 0, 0, 16, 17, 0.21163105964660645, 0.012288331985473633, 0.00020098686218261719, 2.002716064453125e-05, 2.7418136596679688e-05, 3.337860107421875e-06, 0.00020337104797363281, 0.19888758659362793, 118.0688051399397, 118.05513744610012, 0.01366769383958033, 798, 858, 12.0331, 10.2938, 0.679335, 0.0338154, 0.750779, 0.0168645, 0.186165, 0.0723135, 
1e-3,2,7e+06,21.54,1,2,61, 12.7895, 0.460361, 12.2554, 0, 0, 16, 17, 0.20991253852844238, 0.010077714920043945, 0.00019431114196777344, 5.245208740234375e-05, 5.91278076171875e-05, 4.291534423828125e-06, 0.00017380714416503906, 0.19935083389282227, 118.0708471809797, 118.05913201483148, 0.011715166148205558, 814, 875, 12.243, 10.4901, 0.682984, 0.0347116, 0.755443, 0.0169892, 0.189423, 0.0733232, 
1e-3,2,8e+06,21.5469,1,2,62, 12.9388, 0.466987, 12.3972, 0, 0, 10, 11, 0.14155817031860352, 0.0104522705078125, 0.00023365020751953125, 2.574920654296875e-05, 3.5047531127929688e-05, 5.245208740234375e-06, 0.00023388862609863281, 0.13057231903076172, 118.0728072273882, 118.06587466821651, 0.0069325591716955515, 824, 886, 12.3846, 10.6216, 0.685468, 0.0351357, 0.759232, 0.0171118, 0.19179, 0.074214, 
1e-3,2,9e+06,21.5488,1,2,63, 13.1022, 0.472507, 12.5539, 0, 0, 10, 11, 0.15642476081848145, 0.01532745361328125, 0.00012040138244628906, 1.6450881958007812e-05, 9.34600830078125e-05, 4.0531158447265625e-06, 0.00020122528076171875, 0.14066171646118164, 118.07395080514726, 118.06778853032796, 0.0061622748192839971, 834, 897, 12.541, 10.7647, 0.688033, 0.0354307, 0.766688, 0.0171771, 0.194275, 0.0746903, 
1e-3,2,1e+07,21.5503,1,2,64, 13.2587, 0.477577, 12.7039, 0, 0, 10, 11, 0.1494903564453125, 0.011130332946777344, 0.00023651123046875, 1.9788742065429688e-05, 2.4080276489257812e-05, 3.5762786865234375e-06, 3.1232833862304688e-05, 0.13804483413696289, 118.07486566735449, 118.06931962001715, 0.0055460473373409869, 844, 908, 12.6905, 10.8952, 0.690591, 0.0356824, 0.776259, 0.0172696, 0.19941, 0.0760398, 
1e-3,2,2e+07,21.5571,1,2,65, 13.4273, 0.483117, 12.8658, 0, 0, 10, 11, 0.1616508960723877, 0.020096063613891602, 0.00018620491027832031, 1.811981201171875e-05, 2.9802322387695312e-05, 4.0531158447265625e-06, 0.00016903877258300781, 0.14114761352539062, 118.07898254728707, 118.07620952361839, 0.0027730236686793752, 854, 919, 12.8521, 11.0405, 0.692886, 0.036243, 0.78652, 0.0173395, 0.20188, 0.0767477, 
1e-3,2,3e+07,21.562,1,2,66, 13.4967, 0.488983, 12.9275, 0, 0, 4, 5, 0.061535120010375977, 0.011056184768676758, 0.00029397010803222656, 2.574920654296875e-05, 3.3617019653320312e-05, 2.384185791015625e-06, 0.00022864341735839844, 0.049894571304321289, 118.08148180900372, 118.08108743543758, 0.00039437356615179553, 858, 924, 12.9137, 11.0986, 0.694056, 0.0363474, 0.787374, 0.0173669, 0.202854, 0.0770667, 
1e-3,2,4e+07,21.5625,1,2,67, 13.5994, 0.494452, 13.0237, 0, 0, 4, 5, 0.095940589904785156, 0.027394533157348633, 0.00032067298889160156, 2.0742416381835938e-05, 2.574920654296875e-05, 2.6226043701171875e-06, 0.00024724006652832031, 0.06792902946472168, 118.08188621355771, 118.0815904333831, 0.00029578017461329154, 862, 929, 13.0096, 11.1689, 0.695533, 0.0364583, 0.809649, 0.0173953, 0.204241, 0.0773988, 
1e-3,2,5e+07,21.5628,1,2,68, 13.672, 0.500336, 13.0887, 0, 0, 4, 5, 0.064833402633666992, 0.010655403137207031, 0.00028681755065917969, 3.0040740966796875e-05, 3.8862228393554688e-05, 3.337860107421875e-06, 0.00024199485778808594, 0.053576946258544922, 118.08212885629008, 118.08189223215039, 0.0002366241396905, 866, 934, 13.0744, 11.2301, 0.696824, 0.036566, 0.81052, 0.0174534, 0.205402, 0.0776265, 
1e-3,2,6e+07,21.5629,1,2,69, 13.7785, 0.508617, 13.1856, 0, 0, 4, 5, 0.096553802490234375, 0.019539117813110352, 0.0043852329254150391, 3.7431716918945312e-05, 3.1232833862304688e-05, 3.0994415283203125e-06, 0.00033640861511230469, 0.072221279144287109, 118.08229061811167, 118.08209343132862, 0.00019718678307567572, 870, 939, 13.171, 11.2955, 0.704026, 0.0366719, 0.832222, 0.0174847, 0.207179, 0.0778992, 
1e-3,2,7e+07,21.5631,1,2,70, 13.8531, 0.515312, 13.2524, 0, 0, 4, 5, 0.06669306755065918, 0.012679815292358398, 0.00027966499328613281, 4.4345855712890625e-05, 2.47955322265625e-05, 2.86102294921875e-06, 0.000217437744140625, 0.053444147109985352, 118.08240616226996, 118.08223714502734, 0.00016901724263607143, 874, 944, 13.2377, 11.3583, 0.705374, 0.0369315, 0.833153, 0.0175121, 0.208261, 0.0782087, 
1e-3,2,8e+07,21.5632,1,2,71, 13.9268, 0.521492, 13.3187, 0, 0, 4, 5, 0.066018342971801758, 0.014666318893432617, 0.00027632713317871094, 2.4557113647460938e-05, 2.8133392333984375e-05, 3.337860107421875e-06, 0.00021719932556152344, 0.050802469253540039, 118.08249282038867, 118.08234493030136, 0.00014789008730664577, 878, 949, 13.3037, 11.4199, 0.70679, 0.0370271, 0.834614, 0.0175431, 0.209404, 0.0784717, 
1e-3,2,9e+07,21.5632,1,2,72, 14.01, 0.531196, 13.3906, 0, 0, 4, 5, 0.071626663208007812, 0.013078451156616211, 0.00031900405883789062, 2.956390380859375e-05, 7.0095062255859375e-05, 4.5299530029296875e-06, 0.00025463104248046875, 0.057870388031005859, 118.08256022114767, 118.08242876329228, 0.00013145785538437593, 882, 954, 13.3753, 11.4868, 0.708484, 0.0371828, 0.835707, 0.0176048, 0.210789, 0.0787714, 
1e-3,2,1e+08,21.5633,1,2,73, 14.083, 0.537587, 13.4561, 0, 0, 4, 5, 0.065338134765625, 0.015009403228759766, 0.00032114982604980469, 7.3671340942382812e-05, 2.47955322265625e-05, 3.0994415283203125e-06, 0.000247955322265625, 0.049658060073852539, 118.08261414175487, 118.082495829685, 0.00011831206984491693, 886, 959, 13.4407, 11.5481, 0.709926, 0.037324, 0.83659, 0.0176325, 0.212106, 0.0789917,