?fem_reduce,K,epssqr,abserr,Theta0,Theta1,it all, t all, t gamma update, t gamma solve, t theta update, t theta solve, SPGQP it, SPGQP hessmult, SPGQP t all, SPGQP t project, SPGQP t matmult, SPGQP t dot, SPGQP t update, SPGQP t stepsize, SPGQP t fs, SPGQP t other, SPGQP fx, SPGQP fx_linear, SPGQP fx_quadratic, SPGQP_sum it, SPGQP_sum hessmult, SPGQP_sum t all, SPGQP_sum t project, SPGQP_sum t matmult, SPGQP_sum t dot, SPGQP_sum t update, SPGQP_sum t stepsize, SPGQP_sum t fs, SPGQP_sum t other, 
1e0,2,1,1.29548,1,2,1, 0.300523, 8.39233e-05, 0.29777, 0, 0, 26, 27, 0.29758596420288086, 0.010741472244262695, 0.00013589859008789062, 2.2649765014648438e-05, 2.7418136596679688e-05, 4.5299530029296875e-06, 0.0001621246337890625, 0.28649187088012695, 0.10931480615051553, 0.10317356069451687, 0.0061412454559986842, 26, 27, 0.297586, 0.27197, 0.00812626, 0.000850677, 0.00792575, 0.000205994, 0.00616598, 0.00234103, 
1e0,2,2,1.58537,1,2,2, 0.504318, 0.000120163, 0.500387, 0, 0, 16, 17, 0.20206642150878906, 0.0087480545043945312, 0.00011587142944335938, 1.9788742065429688e-05, 2.5272369384765625e-05, 4.0531158447265625e-06, 0.00016188621520996094, 0.19299149513244629, 0.11417521487094755, 0.10606434967512578, 0.0081108651958217547, 42, 44, 0.499652, 0.445306, 0.013303, 0.00131321, 0.0255959, 0.000363827, 0.0105028, 0.003268, 
1e0,2,3,1.76377,1,2,3, 0.765867, 0.000156641, 0.760582, 0, 0, 22, 23, 0.2600255012512207, 0.0099444389343261719, 0.00014448165893554688, 1.9311904907226562e-05, 5.1259994506835938e-05, 2.6226043701171875e-06, 0.00016474723815917969, 0.24969863891601562, 0.11775982145644558, 0.10826457817654908, 0.0094952432798965352, 64, 67, 0.759678, 0.683992, 0.0175886, 0.00186491, 0.0342188, 0.00223279, 0.0151329, 0.00464773, 
1e0,2,4,1.91725,1,2,4, 1.03479, 0.000221014, 1.02759, 0, 0, 22, 23, 0.26684689521789551, 0.0085530281066894531, 0.00012302398681640625, 3.0279159545898438e-05, 2.4080276489257812e-05, 3.5762786865234375e-06, 0.00015711784362792969, 0.25795578956604004, 0.12063511700594326, 0.11009505623776386, 0.010540060768179415, 86, 90, 1.02652, 0.911924, 0.0222766, 0.00247407, 0.0619202, 0.00240231, 0.0191915, 0.00633645, 
1e0,2,5,2.044,1,2,5, 1.25961, 0.000259399, 1.2515, 0, 0, 18, 19, 0.22374773025512695, 0.0094997882843017578, 0.0001373291015625, 2.002716064453125e-05, 2.5510787963867188e-05, 2.6226043701171875e-06, 0.00018429756164550781, 0.21387815475463867, 0.1231035087403288, 0.11148872681010794, 0.011614781930220901, 104, 109, 1.25027, 1.1146, 0.0267565, 0.0030539, 0.0730977, 0.00252938, 0.0229254, 0.00730729, 
1e0,2,6,2.14901,1,2,6, 1.55664, 0.000296831, 1.54723, 0, 0, 23, 24, 0.29554986953735352, 0.012902736663818359, 0.00012302398681640625, 2.2411346435546875e-05, 5.7458877563476562e-05, 2.86102294921875e-06, 0.00016236305236816406, 0.28227901458740234, 0.12531465762399538, 0.11266118827776489, 0.01265346934623051, 127, 133, 1.54582, 1.38424, 0.0306394, 0.00369406, 0.0876343, 0.0026834, 0.0280788, 0.00885272, 
1e0,2,7,2.23768,1,2,7, 1.79324, 0.000333309, 1.78286, 0, 0, 18, 19, 0.23543429374694824, 0.011437892913818359, 0.00011777877807617188, 5.3644180297851562e-05, 2.7894973754882812e-05, 3.814697265625e-06, 0.00015926361083984375, 0.22363400459289551, 0.12732993695553366, 0.1138031391038363, 0.013526797851697352, 145, 152, 1.78126, 1.59525, 0.0335438, 0.0041523, 0.091841, 0.00283384, 0.0377245, 0.015908, 
1e0,2,8,2.31433,1,2,8, 2.03456, 0.000371218, 2.02309, 0, 0, 18, 19, 0.23993897438049316, 0.012425422668457031, 0.00013017654418945312, 4.863739013671875e-05, 3.1232833862304688e-05, 2.6226043701171875e-06, 0.00016474723815917969, 0.22713613510131836, 0.12919550482011222, 0.11474417480595062, 0.014451330014161639, 163, 171, 2.0212, 1.80093, 0.0423496, 0.0146999, 0.101943, 0.00300622, 0.0412576, 0.0170135, 
1e0,2,9,2.38319,1,2,9, 2.26425, 0.000408649, 2.25181, 0, 0, 18, 19, 0.22851395606994629, 0.0095999240875244141, 0.00013017654418945312, 3.7908554077148438e-05, 4.2438507080078125e-05, 2.6226043701171875e-06, 0.0001850128173828125, 0.21851587295532227, 0.13094635980987437, 0.11565269524767405, 0.015293664562200375, 181, 190, 2.24971, 2.01211, 0.048445, 0.0154388, 0.10634, 0.00312376, 0.0456901, 0.0185578, 
1e0,2,10,2.43999,1,2,10, 2.42631, 0.000446558, 2.41284, 0, 0, 11, 12, 0.1608576774597168, 0.0087237358093261719, 0.00020074844360351562, 2.1219253540039062e-05, 2.9802322387695312e-05, 3.5762786865234375e-06, 0.00016188621520996094, 0.15171670913696289, 0.13259790993131473, 0.11650369619222917, 0.016094213739085567, 192, 202, 2.41057, 2.15331, 0.0513706, 0.0158229, 0.118097, 0.00321221, 0.0494635, 0.0192866, 
1e0,2,20,2.82687,1,2,11, 2.89593, 0.000484467, 2.86783, 0, 0, 38, 39, 0.45481491088867188, 0.0065648555755615234, 0.00013947486877441406, 2.47955322265625e-05, 6.8902969360351562e-05, 4.0531158447265625e-06, 0.00016736984252929688, 0.447845458984375, 0.14601477360209209, 0.12278536907793536, 0.023229404524156658, 230, 241, 2.86538, 2.55162, 0.0592823, 0.0168631, 0.155146, 0.00388575, 0.0568454, 0.0217426, 
1e0,2,30,3.07332,1,2,12, 3.39348, 0.000525951, 3.36429, 0, 0, 39, 40, 0.49628114700317383, 0.011078596115112305, 0.00027489662170410156, 2.5510787963867188e-05, 5.4121017456054688e-05, 4.0531158447265625e-06, 0.00019526481628417969, 0.48464870452880859, 0.15652470711195307, 0.12764687322604079, 0.028877833885912307, 269, 281, 3.36166, 3.0091, 0.0736723, 0.0182402, 0.16702, 0.00418806, 0.0655568, 0.0238812, 
1e0,2,40,3.25477,1,2,13, 3.71405, 0.000564337, 3.6838, 0, 0, 25, 26, 0.3162839412689209, 0.0089757442474365234, 0.00046849250793457031, 0.00014209747314453125, 2.6464462280273438e-05, 4.5299530029296875e-06, 0.00018548965454101562, 0.30648112297058105, 0.16551407894026404, 0.1315006406994646, 0.03401343824079938, 294, 307, 3.67795, 3.30317, 0.0781546, 0.0196204, 0.176774, 0.0045135, 0.0703187, 0.0253987, 
1e0,2,50,3.41826,1,2,14, 4.20617, 0.000601768, 4.17501, 0, 0, 36, 37, 0.49098110198974609, 0.010121583938598633, 0.00015616416931152344, 3.0279159545898438e-05, 2.9087066650390625e-05, 2.6226043701171875e-06, 0.00094437599182128906, 0.47969698905944824, 0.17352433747798321, 0.13527170127526278, 0.038252636202720472, 330, 344, 4.16893, 3.7558, 0.0884988, 0.0206811, 0.193439, 0.00476861, 0.0778921, 0.0278456, 
1e0,2,60,3.55762,1,2,15, 4.68026, 0.000640154, 4.6479, 0, 0, 35, 36, 0.47267818450927734, 0.015903472900390625, 0.00012421607971191406, 2.0265579223632812e-05, 2.3365020751953125e-05, 3.5762786865234375e-06, 0.00015854835510253906, 0.45644474029541016, 0.18081084936553959, 0.13867238948608054, 0.042138459879459016, 365, 380, 4.64161, 4.18999, 0.0987761, 0.0218925, 0.209814, 0.00506353, 0.0853705, 0.0307014, 
1e0,2,70,3.67055,1,2,16, 5.13629, 0.000678778, 5.10265, 0, 0, 30, 31, 0.45298886299133301, 0.010991573333740234, 0.00013256072998046875, 2.1219253540039062e-05, 2.8133392333984375e-05, 3.3855438232421875e-05, 0.00016331672668457031, 0.44161820411682129, 0.1875367038894033, 0.14153616934557142, 0.046000534543832058, 395, 411, 5.0946, 4.54896, 0.124852, 0.022999, 0.268359, 0.00530219, 0.0911996, 0.0329261, 
1e0,2,80,3.78479,1,2,17, 5.52871, 0.000720024, 5.49407, 0, 0, 31, 32, 0.39126300811767578, 0.01021575927734375, 0.0001239776611328125, 2.1219253540039062e-05, 2.6702880859375e-05, 4.291534423828125e-06, 0.00016260147094726562, 0.38070845603942871, 0.19380819140894451, 0.14450327209366987, 0.049304919315274642, 426, 443, 5.48586, 4.8992, 0.134492, 0.0238883, 0.290493, 0.00555801, 0.097297, 0.0349274, 
1e0,2,90,3.90662,1,2,18, 6.0974, 0.000760317, 6.0617, 0, 0, 44, 45, 0.56739306449890137, 0.021497726440429688, 0.000118255615234375, 1.9311904907226562e-05, 2.8371810913085938e-05, 2.6226043701171875e-06, 0.000152587890625, 0.54557418823242188, 0.19968863906194073, 0.14784947796857073, 0.051839161093370015, 470, 488, 6.05325, 5.40602, 0.146764, 0.0250821, 0.32603, 0.00591803, 0.106005, 0.0374362, 
1e0,2,100,3.98732,1,2,19, 6.40809, 0.000803947, 6.37061, 0, 0, 24, 25, 0.3087456226348877, 0.0077157020568847656, 0.0001392364501953125, 2.5987625122070312e-05, 2.9087066650390625e-05, 2.6226043701171875e-06, 0.00017547607421875, 0.30065751075744629, 0.20526898937411628, 0.1501196190199624, 0.055149370354154022, 494, 513, 6.362, 5.6892, 0.150697, 0.0257187, 0.33503, 0.00608015, 0.111377, 0.0438912, 
1e0,2,200,5.02582,1,2,20, 9.46062, 0.00084424, 9.42217, 0, 0, 231, 232, 3.0513734817504883, 0.0087163448333740234, 0.0001316070556640625, 1.9788742065429688e-05, 3.0279159545898438e-05, 2.86102294921875e-06, 0.00015807151794433594, 3.0423145294189453, 0.24662506271490778, 0.17750626253937218, 0.069118800175535317, 725, 745, 9.41337, 8.37028, 0.241448, 0.0377886, 0.531489, 0.00799537, 0.166541, 0.0578306, 
1e0,2,300,5.70847,1,2,21, 11.5709, 0.000884533, 11.5314, 0, 0, 156, 157, 2.1090893745422363, 0.010190486907958984, 0.00015759468078613281, 2.193450927734375e-05, 5.0783157348632812e-05, 3.5762786865234375e-06, 0.00016498565673828125, 2.0985000133514404, 0.27555499796989896, 0.19408515728076445, 0.081469840689134432, 881, 902, 11.5225, 10.2042, 0.330691, 0.0423496, 0.672009, 0.00937676, 0.197275, 0.0665872, 
1e0,2,400,6.22564,1,2,22, 13.1798, 0.000912905, 13.1392, 0, 0, 118, 119, 1.6075892448425293, 0.011855363845825195, 0.00011944770812988281, 1.9788742065429688e-05, 2.765655517578125e-05, 2.384185791015625e-06, 0.00015807151794433594, 1.5954065322875977, 0.2988224504278969, 0.2067325679220077, 0.092089882505889592, 999, 1021, 13.13, 11.6741, 0.354428, 0.0464728, 0.751624, 0.0102713, 0.220012, 0.0730994, 
1e0,2,500,6.53692,1,2,23, 14.1815, 0.000953197, 14.1399, 0, 0, 74, 75, 1.0005033016204834, 0.010232210159301758, 0.00012183189392089844, 4.38690185546875e-05, 5.0306320190429688e-05, 3.337860107421875e-06, 0.00016498565673828125, 0.98988676071166992, 0.3193457377085821, 0.21500773964473385, 0.10433799806384833, 1073, 1096, 14.1306, 12.5183, 0.400846, 0.049125, 0.838455, 0.0108981, 0.233896, 0.0790071, 
1e0,2,600,6.82585,1,2,24, 15.3328, 0.000995874, 15.29, 0, 0, 82, 83, 1.1498210430145264, 0.0095462799072265625, 0.000247955322265625, 2.765655517578125e-05, 3.147125244140625e-05, 2.6226043701171875e-06, 0.00025296211242675781, 1.1397120952606201, 0.33750800600845215, 0.22319391158716079, 0.11431409442129149, 1155, 1179, 15.2804, 13.5006, 0.49832, 0.0519273, 0.881453, 0.0116084, 0.252644, 0.0838029, 
1e0,2,700,7.07927,1,2,25, 16.3836, 0.00103688, 16.3287, 0, 0, 72, 73, 1.0386168956756592, 0.010311126708984375, 0.00026202201843261719, 2.574920654296875e-05, 3.0994415283203125e-05, 3.0994415283203125e-05, 0.00020289421081542969, 1.0277531147003174, 0.35396284481431473, 0.23072936784731957, 0.12323347696699534, 1227, 1252, 16.319, 14.3691, 0.562521, 0.0544217, 0.935617, 0.012197, 0.296392, 0.0887642, 
1e0,2,800,7.2132,1,2,26, 16.9781, 0.00107861, 16.9217, 0, 0, 42, 43, 0.59208559989929199, 0.011693239212036133, 0.00024628639221191406, 4.6014785766601562e-05, 3.0279159545898438e-05, 4.291534423828125e-06, 0.00019979476928710938, 0.57986569404602051, 0.36990240324684831, 0.235054241550123, 0.13484816169672512, 1269, 1295, 16.9111, 14.9054, 0.572548, 0.0614705, 0.961469, 0.0125916, 0.30642, 0.0911787, 
1e0,2,900,7.48947,1,2,27, 18.1354, 0.00112081, 18.0763, 0, 0, 81, 82, 1.1543843746185303, 0.0085206031799316406, 0.00019335746765136719, 3.24249267578125e-05, 5.4121017456054688e-05, 4.291534423828125e-06, 0.00017261505126953125, 1.14540696144104, 0.38263807253587728, 0.24449641827611288, 0.13814165425976377, 1350, 1377, 18.0655, 15.9248, 0.594246, 0.06984, 1.02924, 0.0132375, 0.338212, 0.0959265, 
1e0,2,1000,7.8971,1,2,28, 19.4378, 0.0011766, 19.3774, 0, 0, 91, 92, 1.3009064197540283, 0.0089137554168701172, 0.00016260147094726562, 2.4318695068359375e-05, 3.1948089599609375e-05, 3.814697265625e-06, 0.00028157234191894531, 1.2914884090423584, 0.39169277276975184, 0.25855406448421747, 0.13313870828553423, 1441, 1469, 19.3664, 17.0888, 0.613822, 0.0734394, 1.1035, 0.0140443, 0.370064, 0.102673, 
1e0,2,2000,9.02878,1,2,29, 22.5947, 0.00123119, 22.5222, 0, 0, 230, 231, 3.1445746421813965, 0.012036800384521484, 0.00018787384033203125, 2.1219253540039062e-05, 2.574920654296875e-05, 2.86102294921875e-06, 0.000247955322265625, 3.1320521831512451, 0.47444836617026731, 0.302603501267937, 0.17184486490233056, 1671, 1700, 22.5109, 19.8234, 0.76873, 0.081274, 1.28494, 0.0158274, 0.421278, 0.115497, 
1e0,2,3000,9.79371,1,2,30, 25.0504, 0.00127459, 24.9751, 0, 0, 176, 177, 2.4527156352996826, 0.01072382926940918, 0.00036025047302246094, 6.3419342041015625e-05, 4.7206878662109375e-05, 3.337860107421875e-06, 0.000247955322265625, 2.4412696361541748, 0.52067742757232294, 0.33147574777991617, 0.18920167979240618, 1847, 1877, 24.9637, 21.9508, 0.876304, 0.0879598, 1.43723, 0.0172696, 0.46223, 0.131874, 
1e0,2,4000,10.2107,1,2,31, 26.4289, 0.00132465, 26.3526, 0, 0, 100, 101, 1.3772220611572266, 0.010774850845336914, 0.00011992454528808594, 1.8358230590820312e-05, 5.4121017456054688e-05, 2.86102294921875e-06, 0.00015282630920410156, 1.3660991191864014, 0.55847461390542741, 0.34738512490470302, 0.21108948900072555, 1947, 1978, 26.3409, 23.1798, 0.910062, 0.0911372, 1.51913, 0.0181854, 0.484496, 0.138085, 
1e0,2,5000,10.5298,1,2,32, 27.6632, 0.00137115, 27.5855, 0, 0, 83, 84, 1.2327277660369873, 0.0090310573577880859, 0.000202178955078125, 5.626678466796875e-05, 2.8371810913085938e-05, 2.6226043701171875e-06, 0.00019788742065429688, 1.2232093811035156, 0.58819518189492837, 0.35922671719305221, 0.22896846470187565, 2030, 2062, 27.5736, 24.178, 0.986552, 0.0938621, 1.64986, 0.01894, 0.502084, 0.144298, 
1e0,2,6000,10.5893,1,2,33, 27.8243, 0.00141501, 27.7451, 0, 0, 11, 12, 0.15946245193481445, 0.012965202331542969, 0.0001583099365234375, 5.0067901611328125e-05, 2.6226043701171875e-05, 3.5762786865234375e-06, 0.00017976760864257812, 0.14607930183410645, 0.62894834453127046, 0.36144677815068449, 0.26750156638058697, 2041, 2074, 27.7331, 24.3287, 0.989262, 0.0941687, 1.65237, 0.0190463, 0.504629, 0.144939, 
1e0,2,7000,10.6834,1,2,34, 28.1185, 0.00146103, 28.0382, 0, 0, 18, 19, 0.29291296005249023, 0.010080099105834961, 0.00020456314086914062, 2.5987625122070312e-05, 2.9802322387695312e-05, 4.0531158447265625e-06, 0.00019788742065429688, 0.28237056732177734, 0.66402103047530037, 0.36502377910855888, 0.29899725136674205, 2059, 2093, 28.026, 24.5535, 1.01013, 0.0979679, 1.6895, 0.0191901, 0.508822, 0.146835, 
1e0,2,8000,10.825,1,2,35, 28.4599, 0.00150585, 28.3784, 0, 0, 23, 24, 0.33989143371582031, 0.0092210769653320312, 0.00033211708068847656, 2.5987625122070312e-05, 2.956390380859375e-05, 2.6226043701171875e-06, 0.00022363662719726562, 0.33005642890930176, 0.69040077465237026, 0.37044129707393236, 0.31995947757843768, 2082, 2117, 28.3659, 24.8325, 1.0285, 0.113631, 1.70329, 0.0193617, 0.514162, 0.154464, 
1e0,2,9000,10.9031,1,2,36, 28.6227, 0.00155067, 28.5399, 0, 0, 10, 11, 0.16139388084411621, 0.012838840484619141, 0.00022435188293457031, 2.3126602172851562e-05, 2.574920654296875e-05, 2.6226043701171875e-06, 0.0001811981201171875, 0.14809799194335938, 0.72039091243608389, 0.37344745482659913, 0.34694345760948375, 2092, 2128, 28.5273, 24.9783, 1.03108, 0.113905, 1.71318, 0.0194323, 0.51641, 0.154992, 
1e0,2,10000,11.1418,1,2,37, 29.2842, 0.00159502, 29.2, 0, 0, 49, 50, 0.65990328788757324, 0.0099933147430419922, 0.00014925003051757812, 2.2172927856445312e-05, 2.6226043701171875e-05, 3.814697265625e-06, 0.0002040863037109375, 0.64950442314147949, 0.72583383382818867, 0.3827361093316034, 0.34309772449658693, 2141, 2178, 29.1872, 25.592, 1.04368, 0.115681, 1.729, 0.0198064, 0.529324, 0.157704, 
1e0,2,20000,11.259,1,2,38, 29.5837, 0.00163984, 29.4983, 0, 0, 22, 23, 0.29806995391845703, 0.011882781982421875, 0.00012636184692382812, 2.0265579223632812e-05, 2.5033950805664062e-05, 3.814697265625e-06, 0.00015687942504882812, 0.28585481643676758, 1.0350341931893485, 0.38739119425494517, 0.64764299893440358, 2163, 2201, 29.4852, 25.8714, 1.04802, 0.116322, 1.73656, 0.0199678, 0.533859, 0.159135, 
1e0,2,30000,11.5543,1,2,39, 29.9453, 0.00171399, 29.8586, 0, 0, 24, 25, 0.36021614074707031, 0.011633872985839844, 0.00025224685668945312, 2.7894973754882812e-05, 4.863739013671875e-05, 3.814697265625e-06, 0.00019168853759765625, 0.34805798530578613, 1.2335941123308225, 0.39927494893404014, 0.83431916339678436, 2187, 2226, 29.8455, 26.1765, 1.05361, 0.116999, 1.7787, 0.0201867, 0.539108, 0.160324, 
1e0,2,40000,11.6571,1,2,40, 30.2088, 0.00177145, 30.1208, 0, 0, 19, 20, 0.26202583312988281, 0.0092782974243164062, 0.00015616416931152344, 2.2649765014648438e-05, 2.6464462280273438e-05, 3.5762786865234375e-06, 0.00020432472229003906, 0.2523343563079834, 1.4555190162815059, 0.4034486251033278, 1.052070391178173, 2206, 2246, 30.1075, 26.4118, 1.05789, 0.117523, 1.7952, 0.0203412, 0.543353, 0.161366, 
1e0,2,50000,11.9724,1,2,41, 30.3313, 0.00181675, 30.2422, 0, 0, 6, 7, 0.12112784385681152, 0.025451898574829102, 0.0002727508544921875, 3.1709671020507812e-05, 3.337860107421875e-05, 3.0994415283203125e-06, 0.00022196769714355469, 0.095113039016723633, 1.52002473549173, 0.41611412550213084, 1.1039106099895952, 2212, 2253, 30.2286, 26.5188, 1.06074, 0.117831, 1.80222, 0.020381, 0.546971, 0.161677, 
1e0,2,60000,11.999,1,2,42, 30.4341, 0.00186706, 30.343, 0, 0, 6, 7, 0.10063886642456055, 0.013975381851196289, 0.00032091140747070312, 2.8133392333984375e-05, 3.62396240234375e-05, 3.0994415283203125e-06, 0.00036668777465820312, 0.085908412933349609, 1.7213230827010499, 0.41717434592120611, 1.3041487367798468, 2218, 2260, 30.3292, 26.6104, 1.06398, 0.118237, 1.80413, 0.0204256, 0.549936, 0.16209, 
1e0,2,70000,12.0476,1,2,43, 30.6256, 0.00194049, 30.5329, 0, 0, 11, 12, 0.18973612785339355, 0.011786460876464844, 0.00025224685668945312, 2.5987625122070312e-05, 3.1948089599609375e-05, 3.814697265625e-06, 0.00020599365234375, 0.1774296760559082, 1.8972179051341693, 0.41916100626562247, 1.4780568988685541, 2229, 2272, 30.519, 26.7876, 1.06845, 0.118776, 1.80785, 0.0205095, 0.552924, 0.162917, 
1e0,2,80000,12.082,1,2,44, 30.8357, 0.00198793, 30.7419, 0, 0, 11, 12, 0.20870375633239746, 0.012482643127441406, 0.00016474723815917969, 2.8371810913085938e-05, 3.4332275390625e-05, 4.0531158447265625e-06, 0.000202178955078125, 0.19578742980957031, 2.0754599614452136, 0.42055489441919258, 1.6549050670260095, 2240, 2284, 30.7277, 26.9407, 1.09059, 0.119446, 1.83679, 0.020582, 0.55561, 0.163918, 
1e0,2,90000,12.5751,1,2,45, 31.0133, 0.0020349, 30.9157, 0, 0, 12, 13, 0.1736607551574707, 0.012081146240234375, 0.00018310546875, 6.3180923461914062e-05, 3.62396240234375e-05, 4.291534423828125e-06, 0.00017762184143066406, 0.16111516952514648, 1.815175001999394, 0.44037766234311221, 1.374797339656296, 2252, 2297, 30.9014, 27.1033, 1.09354, 0.119831, 1.84083, 0.0206587, 0.558709, 0.164463, 
1e0,2,100000,12.609,1,2,46, 31.0902, 0.00208664, 30.9909, 0, 0, 5, 6, 0.07500147819519043, 0.010962247848510742, 0.00018239021301269531, 2.1457672119140625e-05, 2.5272369384765625e-05, 4.0531158447265625e-06, 0.00023484230041503906, 0.06357121467590332, 1.9346136655492738, 0.4417672880693615, 1.492846377479891, 2257, 2303, 30.9764, 27.1738, 1.09513, 0.120062, 1.84195, 0.020695, 0.560007, 0.164744, 
1e0,2,200000,12.6198,1,2,47, 31.1642, 0.00213242, 31.0637, 0, 0, 4, 5, 0.072644948959350586, 0.0097765922546386719, 0.00041913986206054688, 3.2901763916015625e-05, 2.765655517578125e-05, 4.0531158447265625e-06, 0.00019860267639160156, 0.062186002731323242, 3.4060783307131861, 0.44220346369172697, 2.9638748670214765, 2261, 2308, 31.049, 27.2408, 1.09627, 0.120175, 1.84465, 0.0207222, 0.561104, 0.165246, 
1e0,2,300000,12.6437,1,2,48, 31.2696, 0.0022316, 31.1674, 0, 0, 6, 7, 0.099663972854614258, 0.0083675384521484375, 0.00032353401184082031, 2.5272369384765625e-05, 4.4584274291992188e-05, 4.291534423828125e-06, 0.00040674209594726562, 0.090492010116577148, 4.8169556931334157, 0.44319021182915241, 4.3737654813042317, 2267, 2315, 31.1487, 27.333, 1.0983, 0.120364, 1.84767, 0.0207639, 0.562935, 0.165662, 
1e0,2,400000,12.6705,1,2,49, 31.3618, 0.00228095, 31.2579, 0, 0, 5, 6, 0.09022974967956543, 0.0065674781799316406, 0.00030350685119628906, 6.103515625e-05, 8.7022781372070312e-05, 3.0994415283203125e-06, 0.00030112266540527344, 0.082906484603881836, 6.1742647986480446, 0.44430167384694319, 5.7299631248010847, 2272, 2321, 31.2389, 27.3924, 1.11091, 0.120566, 1.86358, 0.0207984, 0.564182, 0.16644, 
1e0,2,500000,12.6814,1,2,50, 31.4514, 0.00234199, 31.3461, 0, 0, 6, 7, 0.087982892990112305, 0.012991666793823242, 0.00027990341186523438, 2.5272369384765625e-05, 2.4318695068359375e-05, 2.86102294921875e-06, 0.00019574165344238281, 0.074463129043579102, 7.5471823735967059, 0.44476280188079609, 7.102419571715993, 2278, 2328, 31.3269, 27.4711, 1.11284, 0.1208, 1.86857, 0.0208416, 0.565925, 0.166809, 
1e0,2,600000,12.7287,1,2,51, 31.6081, 0.00239658, 31.5018, 0, 0, 11, 12, 0.1552889347076416, 0.0127716064453125, 0.00016283988952636719, 2.09808349609375e-05, 2.4080276489257812e-05, 3.814697265625e-06, 0.00016522407531738281, 0.14214038848876953, 8.6950032299773916, 0.44670061271951866, 8.248302617257762, 2289, 2340, 31.4822, 27.6176, 1.11547, 0.121071, 1.87109, 0.0209417, 0.568602, 0.167408, 
1e0,2,700000,12.8532,1,2,52, 31.8035, 0.00244594, 31.6961, 0, 0, 12, 13, 0.19413352012634277, 0.014961719512939453, 0.00018978118896484375, 0.0001354217529296875, 4.1961669921875e-05, 2.86102294921875e-06, 0.00019931793212890625, 0.17860245704650879, 9.269671218502797, 0.45182706773835712, 8.8178441507645537, 2301, 2353, 31.6763, 27.7886, 1.12583, 0.121513, 1.87988, 0.0210254, 0.571276, 0.168153, 
1e0,2,800000,12.8596,1,2,53, 31.8932, 0.00249362, 31.7848, 0, 0, 6, 7, 0.088422060012817383, 0.0094571113586425781, 0.00019121170043945312, 2.0265579223632812e-05, 2.4557113647460938e-05, 2.6226043701171875e-06, 0.00015974044799804688, 0.078566551208496094, 10.478291234520082, 0.45209002857797598, 10.026201205942121, 2307, 2360, 31.7647, 27.869, 1.1286, 0.121672, 1.88305, 0.0210605, 0.572813, 0.168509, 
1e0,2,900000,12.8898,1,2,54, 31.9907, 0.0025444, 31.8812, 0, 0, 5, 6, 0.096203804016113281, 0.0094063282012939453, 0.00026488304138183594, 2.288818359375e-05, 5.53131103515625e-05, 2.384185791015625e-06, 0.00024271011352539062, 0.086209297180175781, 11.490611163520615, 0.45332963252459529, 11.037281530995994, 2312, 2366, 31.8609, 27.9553, 1.1302, 0.12179, 1.88936, 0.0212669, 0.574249, 0.168799, 
1e0,2,1e+06,12.8968,1,2,55, 32.1049, 0.00259566, 31.994, 0, 0, 6, 7, 0.11262369155883789, 0.011741161346435547, 0.00028085708618164062, 3.2901763916015625e-05, 3.0040740966796875e-05, 3.814697265625e-06, 0.00017714500427246094, 0.1003577709197998, 12.650429148841392, 0.4536226232814996, 12.196806525559913, 2318, 2373, 31.9735, 28.0593, 1.13499, 0.122111, 1.8909, 0.0213039, 0.575806, 0.169161, 
1e0,2,2e+06,12.9183,1,2,56, 32.1929, 0.0026443, 32.0791, 0, 0, 5, 6, 0.084837675094604492, 0.0086390972137451172, 0.00020003318786621094, 2.3603439331054688e-05, 5.245208740234375e-06, 3.814697265625e-06, 0.00035834312438964844, 0.075607538223266602, 24.464389838186904, 0.45451888091968279, 24.009870957267335, 2323, 2379, 32.0584, 28.1255, 1.13633, 0.12226, 1.90578, 0.0213404, 0.577327, 0.169857, 
1e0,2,3e+06,12.9332,1,2,57, 32.3073, 0.0027225, 32.1921, 0, 0, 6, 7, 0.1128084659576416, 0.014104366302490234, 0.0025632381439208984, 2.3365020751953125e-05, 2.6464462280273438e-05, 2.6226043701171875e-06, 0.00028729438781738281, 0.095801115036010742, 36.064324637651076, 0.45516780076802366, 35.609156836883201, 2329, 2386, 32.1712, 28.2183, 1.14079, 0.122476, 1.91861, 0.0213838, 0.579042, 0.17055, 
1e0,2,4e+06,13.0147,1,2,58, 32.4695, 0.00277209, 32.3531, 0, 0, 11, 12, 0.16082763671875, 0.011723995208740234, 0.00013661384582519531, 2.0265579223632812e-05, 2.765655517578125e-05, 4.0531158447265625e-06, 0.00017404556274414062, 0.14874100685119629, 45.074698544577856, 0.45878387425015632, 44.615914670327562, 2340, 2398, 32.332, 28.366, 1.14385, 0.122848, 1.9249, 0.0214863, 0.581805, 0.17117, 
1e0,2,5e+06,13.0258,1,2,59, 32.5552, 0.0028224, 32.4373, 0, 0, 5, 6, 0.084021568298339844, 0.015113115310668945, 0.00031924247741699219, 2.4080276489257812e-05, 2.4557113647460938e-05, 3.814697265625e-06, 0.00030064582824707031, 0.068236112594604492, 55.742622666486781, 0.45929864354057687, 55.283324022946175, 2345, 2404, 32.416, 28.4449, 1.14592, 0.123115, 1.92596, 0.0215194, 0.583243, 0.171415, 
1e0,2,6e+06,13.0381,1,2,60, 32.659, 0.00287104, 32.5397, 0, 0, 5, 6, 0.10221505165100098, 0.010603427886962891, 0.00027060508728027344, 4.2200088500976562e-05, 7.1048736572265625e-05, 2.86102294921875e-06, 0.00022006034851074219, 0.091004848480224609, 66.148449460866374, 0.45987629214804004, 65.688573168718648, 2350, 2410, 32.5183, 28.5379, 1.15173, 0.123258, 1.92748, 0.0215523, 0.584616, 0.171729, 
1e0,2,7e+06,13.0494,1,2,61, 32.7475, 0.00292468, 32.627, 0, 0, 5, 6, 0.087063074111938477, 0.014732837677001953, 0.0001964569091796875, 2.7179718017578125e-05, 7.6770782470703125e-05, 3.337860107421875e-06, 0.00021958351135253906, 0.071806907653808594, 76.412469081769203, 0.46043248481776722, 75.952036596950649, 2355, 2416, 32.6053, 28.6183, 1.15312, 0.123463, 1.93049, 0.0217252, 0.586192, 0.172055, 
1e0,2,8e+06,13.0567,1,2,62, 32.9038, 0.00297427, 32.7708, 0, 0, 5, 6, 0.14363694190979004, 0.023212671279907227, 0.019210100173950195, 2.3126602172851562e-05, 2.4557113647460938e-05, 2.384185791015625e-06, 0.00019526481628417969, 0.10096883773803711, 86.713215012638358, 0.46080213964367706, 86.252412872994896, 2360, 2422, 32.749, 28.7065, 1.17344, 0.123626, 1.96375, 0.0217829, 0.587481, 0.172364, 
1e0,2,9e+06,13.0633,1,2,63, 32.981, 0.00302458, 32.847, 0, 0, 5, 6, 0.076004266738891602, 0.018281459808349609, 0.0002422332763671875, 2.4318695068359375e-05, 9.3936920166015625e-05, 3.0994415283203125e-06, 0.00020718574523925781, 0.057152032852172852, 96.942193996222358, 0.4611415579911603, 96.481052438231728, 2365, 2428, 32.825, 28.7756, 1.17523, 0.123766, 1.96679, 0.0218122, 0.588872, 0.172905, 
1e0,2,1e+07,13.0692,1,2,64, 33.0709, 0.00307751, 32.9356, 0, 0, 5, 6, 0.088412046432495117, 0.012027502059936523, 0.0001678466796875, 2.1457672119140625e-05, 2.5987625122070312e-05, 4.291534423828125e-06, 0.00020003318786621094, 0.075964927673339844, 107.10724318092224, 0.46144449702359425, 106.64579868389743, 2370, 2434, 32.9134, 28.8419, 1.18918, 0.128484, 1.96806, 0.0218499, 0.590705, 0.17321, 
1e0,2,2e+07,13.075,1,2,65, 33.1625, 0.00312757, 33.0259, 0, 0, 5, 6, 0.090025663375854492, 0.0095150470733642578, 0.00022482872009277344, 2.3365020751953125e-05, 5.5074691772460938e-05, 4.0531158447265625e-06, 0.00018763542175292969, 0.080015659332275391, 212.71437128355169, 0.46173867665642332, 212.25263260689562, 2375, 2440, 33.0034, 28.9251, 1.19073, 0.128613, 1.97107, 0.0218854, 0.592224, 0.173807, 
1e0,2,3e+07,13.0811,1,2,66, 33.2513, 0.00317955, 33.1134, 0, 0, 5, 6, 0.087273359298706055, 0.011173486709594727, 0.00023603439331054688, 2.193450927734375e-05, 3.0994415283203125e-05, 3.5762786865234375e-06, 0.00029993057250976562, 0.075507402420043945, 317.22841001867891, 0.46204451817195935, 316.76636550050921, 2380, 2446, 33.0907, 29.0022, 1.19249, 0.128801, 1.97702, 0.0219483, 0.594057, 0.174129, 
1e0,2,4e+07,13.087,1,2,67, 33.3252, 0.0032351, 33.1861, 0, 0, 4, 5, 0.072600126266479492, 0.014822006225585938, 0.00029516220092773438, 2.8133392333984375e-05, 3.814697265625e-05, 3.337860107421875e-06, 0.00023698806762695312, 0.057176351547241211, 420.75698354276039, 0.46235613467541259, 420.29462740808492, 2384, 2451, 33.1633, 29.0696, 1.19435, 0.128968, 1.97812, 0.0219798, 0.595813, 0.174417, 
1e0,2,5e+07,13.0919,1,2,68, 33.3943, 0.0033021, 33.2536, 0, 0, 4, 5, 0.067280292510986328, 0.013159513473510742, 0.00070810317993164062, 2.6464462280273438e-05, 3.6954879760742188e-05, 2.86102294921875e-06, 0.00035619735717773438, 0.052990198135375977, 523.53630514426209, 0.46261406724414311, 523.07369107701425, 2388, 2456, 33.2306, 29.1286, 1.19795, 0.129081, 1.98114, 0.0220335, 0.597077, 0.174654, 
1e0,2,6e+07,13.096,1,2,69, 33.472, 0.00337029, 33.3276, 0, 0, 4, 5, 0.073793649673461914, 0.010788202285766602, 0.00027418136596679688, 4.7206878662109375e-05, 3.0279159545898438e-05, 2.86102294921875e-06, 0.00021195411682128906, 0.06243896484375, 625.89553390955734, 0.46283076335686413, 625.43270314620531, 2392, 2461, 33.3043, 29.1925, 1.19935, 0.129225, 1.98805, 0.0220592, 0.598222, 0.174897, 
1e0,2,7e+07,13.1001,1,2,70, 33.558, 0.00343966, 33.4119, 0, 0, 4, 5, 0.084131002426147461, 0.0094571113586425781, 0.00019192695617675781, 4.0292739868164062e-05, 2.6702880859375e-05, 4.291534423828125e-06, 0.0002765655517578125, 0.074134111404418945, 727.50302504736328, 0.46304687939547329, 727.03997816795902, 2396, 2466, 33.3885, 29.2657, 1.20079, 0.129352, 1.99585, 0.0221171, 0.599501, 0.175158, 
1e0,2,8e+07,13.1041,1,2,71, 33.6394, 0.00349283, 33.492, 0, 0, 4, 5, 0.079926013946533203, 0.011301279067993164, 0.00030732154846191406, 2.4318695068359375e-05, 5.6982040405273438e-05, 2.86102294921875e-06, 0.00031185150146484375, 0.06792140007019043, 828.46958047573321, 0.46325883431670023, 828.00632164142075, 2400, 2471, 33.4684, 29.3292, 1.2024, 0.129479, 2.00877, 0.0221469, 0.600856, 0.175516, 
1e0,2,9e+07,13.1084,1,2,72, 33.7055, 0.00354862, 33.5566, 0, 0, 4, 5, 0.064347028732299805, 0.011444091796875, 0.00037622451782226562, 0.00040340423583984375, 4.6253204345703125e-05, 5.0067901611328125e-06, 0.00044202804565429688, 0.051630020141601562, 928.53352555804804, 0.46348221027170933, 928.07004334778526, 2404, 2476, 33.5327, 29.387, 1.20397, 0.129977, 2.01119, 0.0221798, 0.602298, 0.17612, 
1e0,2,1e+08,13.1127,1,2,73, 33.7902, 0.00361562, 33.6395, 0, 0, 4, 5, 0.082765340805053711, 0.015211105346679688, 0.00029206275939941406, 2.7418136596679688e-05, 2.5987625122070312e-05, 4.0531158447265625e-06, 0.00021624565124511719, 0.066988468170166016, 1027.8039277614889, 0.46371381045419546, 1027.3402139510295, 2408, 2481, 33.6155, 29.4598, 1.20563, 0.130097, 2.01802, 0.0222042, 0.603341, 0.176402, 