?spgqp_err,K,epssqr,abserr,Theta0,Theta1,it all, t all, t gamma update, t gamma solve, t theta update, t theta solve, SPGQP it, SPGQP hessmult, SPGQP t all, SPGQP t project, SPGQP t matmult, SPGQP t dot, SPGQP t update, SPGQP t stepsize, SPGQP t fs, SPGQP t other, SPGQP fx, SPGQP fx_linear, SPGQP fx_quadratic, SPGQP_sum it, SPGQP_sum hessmult, SPGQP_sum t all, SPGQP_sum t project, SPGQP_sum t matmult, SPGQP_sum t dot, SPGQP_sum t update, SPGQP_sum t stepsize, SPGQP_sum t fs, SPGQP_sum t other, 
1e-6,2,1,4.93266e+06,1,2,1, 1.02441, 0.0144501, 0.571736, 0, 0, 23, 24, 0.40069389343261719, 0.0022270679473876953, 0.0036070346832275391, 0.0025489330291748047, 1.5974044799804688e-05, 0, 0.0042788982391357422, 0.3880159854888916, 975.91478284748234, 974.99593537043415, 0.91884747704803016, 23, 24, 0.400694, 0.0504193, 0.0969155, 0.0669408, 0.0698166, 1.97887e-05, 0.114279, 0.00230336, 
1e-6,2,2,4.93266e+06,1,2,2, 1.64411, 0.0286191, 0.884303, 0, 0, 1, 2, 0.026875019073486328, 0.0019319057464599609, 0.0036101341247558594, 0.0027029514312744141, 1.6927719116210938e-05, 0, 0.0042459964752197266, 0.014367103576660156, 976.83363019892522, 974.99593555853994, 1.8376946403854131, 24, 26, 0.427569, 0.0542634, 0.104046, 0.0696437, 0.0721166, 1.97887e-05, 0.12288, 0.00460029, 
1e-6,2,3,4.92675e+06,1,2,3, 2.69112, 0.0427251, 1.64392, 0, 0, 28, 29, 0.4357140064239502, 0.0019140243530273438, 0.0036618709564208984, 0.0025339126586914062, 1.5974044799804688e-05, 0, 0.0041930675506591797, 0.42339515686035156, 977.60237814809204, 975.28484248245604, 2.3175356656359982, 52, 55, 0.863283, 0.115068, 0.210459, 0.141545, 0.139835, 3.21865e-05, 0.249487, 0.0068562, 
1e-6,2,4,4.92675e+06,1,2,4, 3.46085, 0.0569103, 2.0257, 0, 0, 1, 2, 0.026885032653808594, 0.0019891262054443359, 0.0035829544067382812, 0.0025370121002197266, 1.5974044799804688e-05, 0, 0.0042541027069091797, 0.014505863189697266, 978.37488982262494, 975.28484322768327, 3.0900465949416782, 53, 57, 0.890168, 0.118995, 0.217611, 0.144082, 0.142134, 3.31402e-05, 0.258102, 0.00921011, 
1e-6,2,5,4.92112e+06,1,2,5, 4.96598, 0.0713594, 2.94998, 0, 0, 39, 40, 0.60396790504455566, 0.0019478797912597656, 0.005123138427734375, 0.0029098987579345703, 1.5974044799804688e-05, 0, 0.0062580108642578125, 0.58771300315856934, 979.02028289419616, 975.77449627821295, 3.245786615983155, 92, 97, 1.49414, 0.198853, 0.36821, 0.244426, 0.235751, 4.60148e-05, 0.43565, 0.0112004, 
1e-6,2,6,4.92112e+06,1,2,6, 5.50743, 0.0855274, 3.1592, 0, 0, 1, 2, 0.028051137924194336, 0.0020132064819335938, 0.0046129226684570312, 0.0025899410247802734, 1.6927719116210938e-05, 0, 0.0042660236358642578, 0.014552116394042969, 979.66943995140377, 975.77449773087926, 3.8949422205244941, 93, 99, 1.52219, 0.202887, 0.376348, 0.247015, 0.238058, 4.72069e-05, 0.444326, 0.0135047, 
1e-6,2,7,4.91552e+06,1,2,7, 6.6665, 0.100124, 4.02641, 0, 0, 41, 42, 0.66500186920166016, 0.0018820762634277344, 0.0036129951477050781, 0.0025439262390136719, 1.5974044799804688e-05, 0, 0.0042250156402587891, 0.65272188186645508, 980.21342258561742, 976.38165850347741, 3.831764082139947, 134, 141, 2.18719, 0.292902, 0.544584, 0.356579, 0.339488, 6.03199e-05, 0.638052, 0.0155239, 
1e-6,2,8,4.91552e+06,1,2,8, 7.35152, 0.114289, 4.2054, 0, 0, 1, 2, 0.026906967163085938, 0.0020399093627929688, 0.0036129951477050781, 0.0025310516357421875, 1.6927719116210938e-05, 0, 0.0042750835418701172, 0.014430999755859375, 980.76081716605881, 976.38166064863901, 4.3791565174198332, 135, 143, 2.2141, 0.296884, 0.551714, 0.35911, 0.341792, 6.12736e-05, 0.646687, 0.0178478, 
1e-6,2,9,4.91028e+06,1,2,9, 8.67029, 0.128498, 5.20222, 0, 0, 47, 48, 0.71211409568786621, 0.0019028186798095703, 0.003643035888671875, 0.0025579929351806641, 1.71661376953125e-05, 0, 0.0043129920959472656, 0.69968008995056152, 981.2225143397269, 977.04102826100336, 4.1814860787235926, 182, 191, 2.92621, 0.390914, 0.729006, 0.480362, 0.45394, 7.9155e-05, 0.85187, 0.0200391, 
1e-6,2,10,4.91028e+06,1,2,10, 9.27855, 0.142862, 5.42215, 0, 0, 1, 2, 0.026779890060424805, 0.0020091533660888672, 0.0035939216613769531, 0.0025429725646972656, 1.7881393432617188e-05, 0, 0.0042519569396972656, 0.014364004135131836, 981.68712361393386, 977.04103099153326, 4.6460926224007357, 183, 193, 2.95299, 0.39489, 0.736243, 0.482905, 0.456247, 7.9155e-05, 0.86055, 0.0220749, 
1e-6,2,20,4.88642e+06,1,2,11, 11.1946, 0.157015, 6.95251, 0, 0, 89, 90, 1.3578510284423828, 0.0018599033355712891, 0.0038180351257324219, 0.0025260448455810547, 1.6927719116210938e-05, 0, 0.0041880607604980469, 1.3454420566558838, 984.74757074892364, 980.32851362947781, 4.4190571194459753, 272, 283, 4.31084, 0.575539, 1.06874, 0.714483, 0.673466, 0.000116825, 1.25416, 0.0243356, 
1e-6,2,30,4.87135e+06,1,2,12, 13.4195, 0.171299, 8.87666, 0, 0, 109, 110, 1.6830849647521973, 0.0024409294128417969, 0.0037260055541992188, 0.0025050640106201172, 1.5974044799804688e-05, 0, 0.0046010017395019531, 1.6697959899902344, 986.48731344677321, 982.34751386065193, 4.1397995861213399, 381, 393, 5.99393, 0.799958, 1.48717, 0.996655, 0.936931, 0.000172615, 1.74653, 0.0265143, 
1e-6,2,40,4.85906e+06,1,2,13, 15.8545, 0.185363, 10.8659, 0, 0, 120, 121, 1.8253970146179199, 0.0018649101257324219, 0.0035631656646728516, 0.0025320053100585938, 1.6927719116210938e-05, 9.5367431640625e-07, 0.0042340755462646484, 1.8131849765777588, 987.64263029543531, 983.75439670083074, 3.8882335946047513, 501, 514, 7.81932, 1.04062, 1.93658, 1.31027, 1.22063, 0.000213385, 2.2821, 0.0289073, 
1e-6,2,50,4.84842e+06,1,2,14, 18.2858, 0.199503, 13.003, 0, 0, 127, 128, 1.9539520740509033, 0.0017850399017333984, 0.0037229061126708984, 0.0024960041046142578, 1.5974044799804688e-05, 9.5367431640625e-07, 0.0052900314331054688, 1.9406411647796631, 988.48725264942595, 984.80644201960968, 3.6808106298164152, 628, 642, 9.77327, 1.30231, 2.42126, 1.6389, 1.52946, 0.000258684, 2.84946, 0.0316315, 
1e-6,2,60,4.83877e+06,1,2,15, 21.2442, 0.21378, 15.6876, 0, 0, 163, 164, 2.4774398803710938, 0.0019178390502929688, 0.0036139488220214844, 0.0024900436401367188, 1.71661376953125e-05, 0, 0.0042338371276855469, 2.4651670455932617, 989.14265226321527, 985.63407098616358, 3.5085812770516998, 791, 806, 12.2507, 1.63025, 3.03751, 2.0579, 1.92686, 0.00033927, 3.56403, 0.0338213, 
1e-6,2,70,4.82999e+06,1,2,16, 24.18, 0.227884, 18.2642, 0, 0, 153, 154, 2.3272860050201416, 0.0020120143890380859, 0.0038311481475830078, 0.0032899379730224609, 1.6927719116210938e-05, 0, 0.0045042037963867188, 2.3136317729949951, 989.67227471054173, 986.30916218427149, 3.3631125262703705, 944, 960, 14.578, 1.93788, 3.62186, 2.45173, 2.29121, 0.000412703, 4.23866, 0.036248, 
1e-6,2,80,4.82198e+06,1,2,17, 27.6614, 0.242476, 21.4606, 0, 0, 187, 188, 2.9379160404205322, 0.0018510818481445312, 0.0036780834197998047, 0.0025010108947753906, 1.71661376953125e-05, 0, 0.0042219161987304688, 2.9256467819213867, 990.11301131788537, 986.87465223543472, 3.2383590824508159, 1131, 1148, 17.5159, 2.3221, 4.35644, 2.93979, 2.75348, 0.000500679, 5.10518, 0.0384238, 
1e-6,2,90,4.81469e+06,1,2,18, 31.0571, 0.256904, 24.4977, 0, 0, 193, 194, 2.9313960075378418, 0.0019090175628662109, 0.0037322044372558594, 0.0025269985198974609, 1.5974044799804688e-05, 0, 0.0043110847473144531, 2.918900728225708, 990.4880251793395, 987.35819713519209, 3.1298280441476143, 1324, 1342, 20.4473, 2.70683, 5.07958, 3.43474, 3.22075, 0.000587702, 5.96424, 0.0405855, 
1e-6,2,100,4.80804e+06,1,2,19, 35.5679, 0.271279, 28.5286, 0, 0, 247, 248, 3.7927379608154297, 0.0018308162689208984, 0.0035729408264160156, 0.0025360584259033203, 1.71661376953125e-05, 0, 0.0042510032653808594, 3.7805299758911133, 990.81274245115492, 987.77838529697237, 3.0343571541825636, 1571, 1590, 24.2401, 3.2022, 6.02309, 4.07142, 3.82675, 0.000700712, 7.07285, 0.0430443, 
1e-6,2,200,4.75603e+06,1,2,20, 45.4554, 0.28577, 38.0708, 0, 0, 606, 607, 9.2577710151672363, 0.0018861293792724609, 0.0037610530853271484, 0.0024669170379638672, 1.5974044799804688e-05, 0, 0.0042281150817871094, 9.2454128265380859, 992.70911209128974, 990.25706814630644, 2.4520439449832439, 2177, 2197, 33.4978, 4.43581, 8.34602, 5.62594, 5.30135, 0.000995636, 9.74205, 0.0456567, 
1e-6,2,300,4.72044e+06,1,2,21, 58.1646, 0.300257, 50.3575, 0, 0, 806, 807, 12.11594295501709, 0.0020439624786376953, 0.0037980079650878906, 0.0024731159210205078, 1.5974044799804688e-05, 0, 0.0042130947113037109, 12.10339879989624, 993.64178826975876, 991.48775199955344, 2.1540362702053271, 2983, 3004, 45.6138, 6.02188, 11.3821, 7.67835, 7.23485, 0.00137973, 13.2467, 0.0485141, 
1e-6,2,400,4.69292e+06,1,2,22, 73.8429, 0.314694, 65.6384, 0, 0, 999, 1000, 14.955370903015137, 0.0026078224182128906, 0.0044322013854980469, 0.0028197765350341797, 1.6927719116210938e-05, 0, 0.0051379203796386719, 14.940356254577637, 994.23347147228537, 992.27158708515299, 1.9618843871322968, 3982, 4004, 60.5691, 7.97633, 15.1114, 10.2302, 9.6187, 0.00184655, 17.5787, 0.0519216, 
1e-6,2,500,4.66997e+06,1,2,23, 93.3884, 0.329131, 84.9215, 0, 0, 1258, 1259, 19.03342604637146, 0.0019259452819824219, 0.0036671161651611328, 0.0024459362030029297, 1.71661376953125e-05, 0, 0.0042138099670410156, 19.021156072616577, 994.65560498454215, 992.83239323216094, 1.8232117523812728, 5240, 5263, 79.6026, 10.4803, 19.873, 13.4482, 12.6533, 0.00241852, 23.0893, 0.0560665, 
1e-6,2,600,4.65007e+06,1,2,24, 110.443, 0.343215, 101.601, 0, 0, 1094, 1095, 16.520289897918701, 0.0021040439605712891, 0.00426483154296875, 0.0025441646575927734, 1.6927719116210938e-05, 0, 0.0047440528869628906, 16.506615877151489, 994.97817242997678, 993.26172991819465, 1.7164425117821862, 6334, 6358, 96.1229, 12.6424, 24.0132, 16.2395, 15.2882, 0.00294209, 27.8773, 0.0593944, 
1e-6,2,700,4.63274e+06,1,2,25, 131.212, 0.35762, 121.992, 0, 0, 1304, 1305, 19.822247982025146, 0.0021910667419433594, 0.0041060447692871094, 0.0032529830932617188, 1.6927719116210938e-05, 0, 0.0047991275787353516, 19.807881832122803, 995.23611590384428, 993.60514303860032, 1.6309728652439421, 7638, 7663, 115.945, 15.2707, 28.9441, 19.6043, 18.4528, 0.00351882, 33.6065, 0.0630717, 
1e-6,2,800,4.61737e+06,1,2,26, 157.235, 0.37205, 147.73, 0, 0, 1660, 1661, 25.389875173568726, 0.0019309520721435547, 0.0035779476165771484, 0.0025238990783691406, 1.71661376953125e-05, 0, 0.0042400360107421875, 25.377585172653198, 995.44912951148876, 993.88883252954588, 1.5602969819428512, 9298, 9324, 141.335, 18.6256, 35.2624, 23.9276, 22.4919, 0.00428748, 40.9562, 0.0670228, 
1e-6,2,900,4.60316e+06,1,2,27, 182.536, 0.386494, 172.462, 0, 0, 1633, 1634, 24.534818887710571, 0.0018498897552490234, 0.0035381317138671875, 0.00249481201171875, 1.5974044799804688e-05, 0, 0.0042109489440917969, 24.522709131240845, 995.62935788259256, 994.12858872658262, 1.5007691560098821, 10931, 10958, 165.87, 21.8327, 41.3775, 28.0894, 26.4185, 0.00507331, 48.0759, 0.0707493, 
1e-6,2,1000,4.58985e+06,1,2,28, 204.218, 0.400951, 193.701, 0, 0, 1382, 1383, 21.012365102767944, 0.0019249916076660156, 0.0035851001739501953, 0.0024609565734863281, 1.621246337890625e-05, 0, 0.0042109489440917969, 21.000166893005371, 995.78474903576011, 994.3351841947815, 1.4495648409785389, 12313, 12341, 186.882, 24.5955, 46.5871, 31.6356, 29.8096, 0.00570583, 54.1743, 0.0742605, 
1e-6,2,2000,4.49311e+06,1,2,29, 287.123, 0.415381, 276.275, 0, 0, 5467, 5468, 82.263447046279907, 0.0018401145935058594, 0.0039958953857421875, 0.0024740695953369141, 1.71661376953125e-05, 0, 0.0042090415954589844, 82.250910758972168, 996.68231485954084, 995.5305329841292, 1.1517818754115932, 17780, 17809, 269.146, 35.3937, 67.0149, 45.6189, 42.9893, 0.0082469, 78.0383, 0.0822597, 
1e-6,2,3000,4.42681e+06,1,2,30, 401.014, 0.429953, 389.821, 0, 0, 7525, 7526, 113.21337699890137, 0.0018939971923828125, 0.0037219524383544922, 0.0025269985198974609, 1.71661376953125e-05, 0, 0.0042119026184082031, 113.20100498199463, 997.11885712302455, 996.11372934444671, 1.0051277785777117, 25305, 25335, 382.359, 50.3227, 95.0791, 64.8823, 61.1216, 0.0115414, 110.849, 0.0923069, 
1e-6,2,4000,4.37586e+06,1,2,31, 492.858, 0.444138, 481.268, 0, 0, 6041, 6042, 91.215123176574707, 0.0018360614776611328, 0.003665924072265625, 0.0024850368499755859, 1.5974044799804688e-05, 0, 0.0047471523284912109, 91.202373027801514, 997.39435585536557, 996.48159499824328, 0.91276085712233213, 31346, 31377, 473.574, 62.3337, 117.717, 80.414, 75.7034, 0.0143065, 137.291, 0.101009, 
1e-6,2,5000,4.33447e+06,1,2,32, 586.916, 0.458426, 575.006, 0, 0, 6245, 6246, 93.45575213432312, 0.0018529891967773438, 0.0035810470581054688, 0.0025169849395751953, 1.5974044799804688e-05, 0, 0.0041379928588867188, 93.443647146224976, 997.59028503028026, 996.74361954076016, 0.84666548951996656, 37591, 37623, 567.03, 74.5945, 141.055, 96.2995, 90.6725, 0.0170171, 164.282, 0.110035, 
1e-6,2,6000,4.29849e+06,1,2,33, 733.916, 0.472843, 721.673, 0, 0, 9730, 9731, 146.48242402076721, 0.0018329620361328125, 0.0036139488220214844, 0.002529144287109375, 1.5974044799804688e-05, 0, 0.0041880607604980469, 146.47024393081665, 997.73964191954474, 996.94461880908045, 0.79502311046425911, 47321, 47354, 713.512, 93.8491, 177.619, 121.141, 114.126, 0.021414, 206.633, 0.122491, 
1e-6,2,7000,4.26842e+06,1,2,34, 895.055, 0.487101, 882.433, 0, 0, 10622, 10623, 160.38669085502625, 0.0018210411071777344, 0.0035879611968994141, 0.0030360221862792969, 1.6927719116210938e-05, 0, 0.0052881240844726562, 160.3729407787323, 997.85886866923886, 997.10420252308768, 0.7546661461510431, 57943, 57977, 873.899, 114.931, 217.631, 148.389, 139.755, 0.0262232, 253.023, 0.143926, 
1e-6,2,8000,4.24383e+06,1,2,35, 993.548, 0.501198, 980.536, 0, 0, 6514, 6515, 97.938885927200317, 0.0018310546875, 0.0035719871520996094, 0.0024800300598144531, 1.5974044799804688e-05, 0, 0.0042028427124023438, 97.926784038543701, 997.95723199497206, 997.23445621338931, 0.72277578158269495, 64457, 64492, 971.838, 127.793, 242.009, 165.028, 155.449, 0.0291283, 281.375, 0.153212, 
1e-6,2,9000,4.22175e+06,1,2,36, 1095.87, 0.51531, 1082.44, 0, 0, 6671, 6672, 100.79064798355103, 0.0020821094512939453, 0.0037119388580322266, 0.0025219917297363281, 1.71661376953125e-05, 0, 0.0042138099670410156, 100.77810096740723, 998.04034274476658, 997.34527872419949, 0.69506402056715078, 71128, 71164, 1072.63, 141.132, 267.141, 182.078, 171.617, 0.0321536, 310.467, 0.162944, 
1e-6,2,10000,4.20034e+06,1,2,37, 1261.05, 0.529501, 1247.23, 0, 0, 10910, 10911, 164.51199889183044, 0.0018291473388671875, 0.0035710334777832031, 0.0024960041046142578, 1.5974044799804688e-05, 0, 0.0041880607604980469, 164.49989867210388, 998.11185791814069, 997.44235932210222, 0.66949859603836237, 82038, 82075, 1237.14, 162.7, 308.132, 210.023, 197.973, 0.0370016, 358.099, 0.177066, 
1e-6,2,20000,4.07503e+06,1,2,38, 1583.05, 0.543638, 1567.67, 0, 0, 21153, 21154, 320.1605920791626, 0.0028738975524902344, 0.0041270256042480469, 0.0024759769439697266, 1.5974044799804688e-05, 0, 0.0046839714050292969, 320.14641523361206, 998.52444166047371, 997.9902349084889, 0.53420675198493495, 103191, 103229, 1557.3, 204.843, 388.016, 264.274, 249.263, 0.0465226, 450.657, 0.202276, 
1e-6,2,30000,4.01293e+06,1,2,39, 1895.78, 0.558069, 1880.09, 0, 0, 20563, 20564, 312.10266089439392, 0.0030081272125244141, 0.0036640167236328125, 0.0024850368499755859, 1.5974044799804688e-05, 0, 0.0042159557342529297, 312.08927178382874, 998.72478638896621, 998.25273733192523, 0.47204905704103506, 123754, 123793, 1869.4, 246.272, 465.861, 317.267, 298.95, 0.0557885, 540.773, 0.22567, 
1e-6,2,40000,3.97493e+06,1,2,40, 2162.51, 0.572453, 2146.42, 0, 0, 17619, 17620, 266.10536599159241, 0.0019319057464599609, 0.0036599636077880859, 0.0025188922882080078, 1.5974044799804688e-05, 0, 0.0042250156402587891, 266.09301424026489, 998.85174144288635, 998.41552130249056, 0.43622014039579771, 141373, 141413, 2135.51, 281.491, 532.082, 362.517, 341.408, 0.0638609, 617.701, 0.246095, 
1e-6,2,50000,3.94947e+06,1,2,41, 2409.06, 0.586885, 2392.73, 0, 0, 16202, 16203, 245.94996404647827, 0.0019459724426269531, 0.0035648345947265625, 0.0025019645690917969, 1.5974044799804688e-05, 0, 0.0042469501495361328, 245.93768835067749, 998.94245836430241, 998.53095238134824, 0.41150598295406204, 157575, 157616, 2381.46, 314.057, 593.281, 404.431, 380.508, 0.0713048, 688.847, 0.264903, 
1e-6,2,60000,3.9335e+06,1,2,42, 2610.69, 0.601494, 2593.92, 0, 0, 13265, 13266, 200.67786502838135, 0.0018429756164550781, 0.0035710334777832031, 0.0024890899658203125, 1.6927719116210938e-05, 0, 0.0042910575866699219, 200.6656539440155, 999.01235971456163, 998.61714168340927, 0.39521803115228249, 170840, 170882, 2582.14, 340.602, 643.304, 438.531, 412.543, 0.07722, 746.799, 0.281127, 
1e-6,2,70000,3.9227e+06,1,2,43, 2788.89, 0.615937, 2771.61, 0, 0, 11685, 11686, 177.45479702949524, 0.0019829273223876953, 0.0035700798034667969, 0.0024738311767578125, 1.6927719116210938e-05, 0, 0.0041859149932861328, 177.44256734848022, 999.06871037207122, 998.68558804372458, 0.38312232834677101, 182525, 182568, 2759.59, 364.003, 687.506, 468.571, 441.092, 0.0823319, 798.042, 0.29579, 
1e-6,2,80000,3.91551e+06,1,2,44, 2938.66, 0.630093, 2921.07, 0, 0, 9853, 9854, 149.17392110824585, 0.0019128322601318359, 0.0036039352416992188, 0.0025241374969482422, 1.5974044799804688e-05, 0, 0.0042691230773925781, 149.16159510612488, 999.1157268528242, 998.74140434903325, 0.37432250379107068, 192378, 192422, 2908.77, 383.721, 724.694, 493.906, 464.968, 0.0868099, 841.083, 0.308506, 
1e-6,2,90000,3.9104e+06,1,2,45, 3077.87, 0.644678, 3060, 0, 0, 9161, 9162, 138.53072786331177, 0.0018460750579833984, 0.0035679340362548828, 0.0024709701538085938, 1.5974044799804688e-05, 0, 0.0042119026184082031, 138.51861500740051, 999.15576013289774, 998.78889968013505, 0.36686045276282764, 201539, 201584, 3047.3, 401.991, 759.277, 517.418, 487.093, 0.091011, 881.106, 0.320507, 
1e-6,2,100000,3.90675e+06,1,2,46, 3208.06, 0.658986, 3189.92, 0, 0, 8529, 8530, 129.60856413841248, 0.0019388198852539062, 0.00360107421875, 0.0027399063110351562, 1.6927719116210938e-05, 0, 0.0042440891265869141, 129.59602332115173, 999.19046856427758, 998.82999585812797, 0.36047270614957355, 210068, 210114, 3176.9, 419.177, 791.55, 539.43, 507.745, 0.0948212, 918.576, 0.331886, 
1e-6,2,200000,3.92517e+06,1,2,47, 3606.95, 0.67307, 3588.48, 0, 0, 26408, 26409, 398.30764007568359, 0.0018899440765380859, 0.0035259723663330078, 0.0024969577789306641, 1.5974044799804688e-05, 0, 0.0042109489440917969, 398.2955002784729, 999.4077530552812, 999.06731290222706, 0.34044015305417363, 236476, 236523, 3575.21, 471.959, 889.861, 607.357, 571.463, 0.106821, 1034.1, 0.363283, 
1e-6,2,300000,3.94592e+06,1,2,48, 3862.17, 0.687436, 3843.43, 0, 0, 16868, 16869, 254.64992594718933, 0.0018241405487060547, 0.0035300254821777344, 0.0024929046630859375, 1.71661376953125e-05, 9.5367431640625e-07, 0.0042068958282470703, 254.6378538608551, 999.52540033141645, 999.17462085166926, 0.35077947974717139, 253344, 253392, 3829.86, 505.694, 952.772, 650.747, 612.246, 0.114523, 1107.91, 0.383581, 
1e-6,2,400000,3.96514e+06,1,2,49, 4053.99, 0.701474, 4034.88, 0, 0, 12732, 12733, 191.06606912612915, 0.0018510818481445312, 0.0035798549652099609, 0.0024700164794921875, 1.6927719116210938e-05, 0, 0.0041871070861816406, 191.05396413803101, 999.6064697099938, 999.24198835683364, 0.36448135316017932, 266076, 266125, 4020.93, 531.091, 999.825, 683.335, 642.995, 0.120269, 1163.16, 0.399619, 
1e-6,2,500000,3.97904e+06,1,2,50, 4170.63, 0.715711, 4151.22, 0, 0, 7738, 7739, 116.0633020401001, 0.0020351409912109375, 0.0036079883575439453, 0.0025308132171630859, 1.5974044799804688e-05, 0, 0.0042018890380859375, 116.05091023445129, 999.67360596778803, 999.28344821766052, 0.39015775012759346, 273814, 273864, 4136.99, 546.507, 1028.45, 703.127, 661.677, 0.123756, 1196.7, 0.410232, 
1e-6,2,600000,3.98531e+06,1,2,51, 4213.61, 0.730199, 4193.91, 0, 0, 2801, 2802, 42.349193096160889, 0.0018241405487060547, 0.0035760402679443359, 0.0024781227111816406, 1.5974044799804688e-05, 0, 0.0042071342468261719, 42.337091684341431, 999.74001150926665, 999.30312826268505, 0.43688324658153688, 276615, 276666, 4179.34, 552.079, 1039.06, 710.295, 668.445, 0.125047, 1208.92, 0.415161, 