?spgqp_err,K,epssqr,abserr,Theta0,Theta1,it all, t all, t gamma update, t gamma solve, t theta update, t theta solve, SPGQP it, SPGQP hessmult, SPGQP t all, SPGQP t project, SPGQP t matmult, SPGQP t dot, SPGQP t update, SPGQP t stepsize, SPGQP t fs, SPGQP t other, SPGQP fx, SPGQP fx_linear, SPGQP fx_quadratic, SPGQP_sum it, SPGQP_sum hessmult, SPGQP_sum t all, SPGQP_sum t project, SPGQP_sum t matmult, SPGQP_sum t dot, SPGQP_sum t update, SPGQP_sum t stepsize, SPGQP_sum t fs, SPGQP_sum t other, 
1e-6,2,1,4.26814e+06,1,2,1, 0.700363, 0.227346, 0.255323, 0, 0, 5, 6, 0.020247936248779297, 4.8875808715820312e-05, 0.00013494491577148438, 1.4066696166992188e-05, 4.0531158447265625e-06, 0, 0.00011801719665527344, 0.019927978515625, 999.32823826196613, 999.32725814353546, 0.00098011843096921548, 5, 6, 0.0202479, 0.000603437, 0.00503612, 0.000124931, 0.000347614, 1.19209e-05, 0.00777006, 0.00635386, 
1e-6,2,2,4.26759e+06,1,2,2, 1.496, 0.535001, 0.399755, 0, 0, 5, 6, 0.0027661323547363281, 6.7949295043945312e-05, 0.00014400482177734375, 1.6927719116210938e-05, 4.0531158447265625e-06, 0, 0.00010514259338378906, 0.0024280548095703125, 999.32921678218645, 999.3272622114182, 0.0019545707681830598, 10, 12, 0.0230141, 0.00101733, 0.0059135, 0.000205755, 0.000827789, 1.19209e-05, 0.00834703, 0.00669074, 
1e-6,2,3,4.26672e+06,1,2,3, 2.25278, 0.830408, 0.541567, 0, 0, 5, 6, 0.0021831989288330078, 4.7922134399414062e-05, 0.00011897087097167969, 1.4066696166992188e-05, 4.0531158447265625e-06, 0, 5.6982040405273438e-05, 0.0019412040710449219, 999.33019263123424, 999.32726923237647, 0.002923398857907657, 15, 18, 0.0251973, 0.00136614, 0.00671244, 0.000277758, 0.00116444, 1.19209e-05, 0.00878668, 0.0068779, 
1e-6,2,4,4.26552e+06,1,2,4, 3.14127, 1.0249, 0.793205, 0, 0, 6, 7, 0.0053110122680664062, 7.4148178100585938e-05, 0.00019097328186035156, 2.2172927856445312e-05, 4.0531158447265625e-06, 0, 0.000331878662109375, 0.0046877861022949219, 999.3311657209365, 999.32727824480321, 0.0038874761333921718, 21, 25, 0.0305083, 0.0019486, 0.00832558, 0.000427008, 0.00189638, 1.38283e-05, 0.0104303, 0.00746655, 
1e-6,2,5,4.26516e+06,1,2,5, 3.91314, 1.22001, 1.06857, 0, 0, 9, 10, 0.0038540363311767578, 5.5074691772460938e-05, 0.00011897087097167969, 1.5020370483398438e-05, 4.0531158447265625e-06, 0, 8.9883804321289062e-05, 0.0035710334777832031, 999.33213645195883, 999.327288876284, 0.0048475756749198099, 30, 35, 0.0343623, 0.00251055, 0.00959396, 0.000578165, 0.00250101, 1.57356e-05, 0.0111413, 0.00802159, 
1e-6,2,6,4.26489e+06,1,2,6, 4.67261, 1.42235, 1.3222, 0, 0, 9, 10, 0.0038530826568603516, 5.0067901611328125e-05, 0.00011682510375976562, 1.3113021850585938e-05, 4.0531158447265625e-06, 0, 5.5074691772460938e-05, 0.0036139488220214844, 999.3331048050718, 999.3273014598459, 0.0058033452259169472, 39, 45, 0.0382154, 0.0031209, 0.010906, 0.000706911, 0.00308108, 1.78814e-05, 0.0118253, 0.00855732, 
1e-6,2,7,4.26424e+06,1,2,7, 5.4647, 1.61699, 1.66283, 0, 0, 7, 8, 0.02151799201965332, 5.1975250244140625e-05, 0.00019192695617675781, 1.3113021850585938e-05, 4.0531158447265625e-06, 0, 0.00099992752075195312, 0.020256996154785156, 999.3340709854117, 999.32731499218698, 0.0067559932246891909, 46, 53, 0.0597334, 0.00734687, 0.0148444, 0.00111675, 0.00585914, 1.88351e-05, 0.021225, 0.0093224, 
1e-6,2,8,4.26327e+06,1,2,8, 6.22498, 1.81071, 1.98981, 0, 0, 7, 8, 0.0027439594268798828, 5.3882598876953125e-05, 0.00011897087097167969, 1.4066696166992188e-05, 4.0531158447265625e-06, 0, 5.6982040405273438e-05, 0.0024960041046142578, 999.33503511874801, 999.32733026228925, 0.0077048564590823428, 53, 61, 0.0624774, 0.00775981, 0.0158706, 0.00121188, 0.00629735, 2.16961e-05, 0.0217249, 0.0095911, 
1e-6,2,9,4.26217e+06,1,2,9, 6.95704, 2.00932, 2.24536, 0, 0, 8, 9, 0.0058920383453369141, 5.0067901611328125e-05, 0.0001220703125, 1.2874603271484375e-05, 3.814697265625e-06, 0, 5.7220458984375e-05, 0.0056459903717041016, 999.33599721020789, 999.32734772039896, 0.0086494898091291524, 61, 70, 0.0683694, 0.00878191, 0.0177329, 0.00144529, 0.00720596, 2.16961e-05, 0.0233157, 0.009866, 
1e-6,2,10,4.26135e+06,1,2,10, 7.83956, 2.25618, 2.53061, 0, 0, 8, 9, 0.0041329860687255859, 5.4121017456054688e-05, 0.00012087821960449219, 1.5020370483398438e-05, 3.0994415283203125e-06, 0, 6.7949295043945312e-05, 0.003871917724609375, 999.33695727696363, 999.32736606930303, 0.0095912076605632838, 69, 79, 0.0725024, 0.00936007, 0.0190628, 0.00162339, 0.00782323, 2.36034e-05, 0.0241222, 0.0104871, 
1e-6,2,20,4.25935e+06,1,2,11, 8.59855, 2.45243, 2.7833, 0, 0, 10, 11, 0.0046849250793457031, 5.0067901611328125e-05, 0.00012087821960449219, 1.3113021850585938e-05, 4.0531158447265625e-06, 0, 8.392333984375e-05, 0.0044128894805908203, 999.34642909757895, 999.32774569524804, 0.018683402330805531, 79, 90, 0.0771873, 0.00999427, 0.0205791, 0.00178933, 0.00855899, 2.76566e-05, 0.025105, 0.011133, 
1e-6,2,30,4.25639e+06,1,2,12, 9.37417, 2.68211, 2.99395, 0, 0, 10, 11, 0.0059230327606201172, 5.1021575927734375e-05, 0.00013995170593261719, 1.4066696166992188e-05, 4.0531158447265625e-06, 0, 5.7935714721679688e-05, 0.0056560039520263672, 999.35565057865051, 999.32833778435588, 0.027312794294743495, 89, 101, 0.0831103, 0.0109448, 0.0221601, 0.00196743, 0.00927591, 2.95639e-05, 0.0258744, 0.0128582, 
1e-6,2,40,4.25343e+06,1,2,13, 10.1873, 2.93345, 3.29619, 0, 0, 11, 12, 0.0050969123840332031, 5.9843063354492188e-05, 0.00014090538024902344, 4.100799560546875e-05, 5.0067901611328125e-06, 0, 0.00014209747314453125, 0.0047080516815185547, 999.36463529339335, 999.32914782603461, 0.03548746735877898, 100, 113, 0.0882072, 0.0116055, 0.0238602, 0.00220847, 0.010047, 3.05176e-05, 0.0270214, 0.0134342, 
1e-6,2,50,4.25198e+06,1,2,14, 10.8691, 3.14973, 3.51683, 0, 0, 11, 12, 0.0041470527648925781, 4.9114227294921875e-05, 0.00013494491577148438, 1.3113021850585938e-05, 3.814697265625e-06, 0, 6.3180923461914062e-05, 0.0038828849792480469, 999.37340159687221, 999.33010765759673, 0.043293939275562326, 111, 125, 0.0923543, 0.0123091, 0.0254233, 0.00236654, 0.0107627, 3.24249e-05, 0.0278342, 0.0136261, 
1e-6,2,60,4.25006e+06,1,2,15, 11.6318, 3.36218, 3.74399, 0, 0, 15, 16, 0.0068569183349609375, 4.9114227294921875e-05, 0.00014591217041015625, 1.4066696166992188e-05, 4.0531158447265625e-06, 0, 9.9897384643554688e-05, 0.0065438747406005859, 999.38195314993823, 999.33127677493314, 0.050676375005151125, 126, 141, 0.0992112, 0.0133085, 0.0277812, 0.00265193, 0.0118506, 3.24249e-05, 0.0292168, 0.0143697, 
1e-6,2,70,4.2467e+06,1,2,16, 12.3507, 3.65035, 3.94812, 0, 0, 15, 16, 0.006443023681640625, 4.9829483032226562e-05, 0.00023508071899414062, 5.1975250244140625e-05, 4.0531158447265625e-06, 0, 0.00015592575073242188, 0.0059461593627929688, 999.39029477469535, 999.33262375849381, 0.057671016201476397, 141, 157, 0.105654, 0.0141716, 0.0300746, 0.00297475, 0.0128913, 3.52859e-05, 0.0304711, 0.0150356, 
1e-6,2,80,4.24325e+06,1,2,17, 13.1566, 3.87375, 4.21018, 0, 0, 16, 17, 0.0071628093719482422, 6.4849853515625e-05, 0.00011610984802246094, 1.4066696166992188e-05, 4.0531158447265625e-06, 0, 6.0796737670898438e-05, 0.0069029331207275391, 999.3984333427901, 999.33412404502576, 0.064309297764400836, 157, 174, 0.112817, 0.015264, 0.0323884, 0.00330877, 0.0141909, 4.1008e-05, 0.0319941, 0.0156298, 
1e-6,2,90,4.24001e+06,1,2,18, 13.8656, 4.07554, 4.44508, 0, 0, 15, 16, 0.0074679851531982422, 5.0067901611328125e-05, 0.00013303756713867188, 1.4066696166992188e-05, 4.0531158447265625e-06, 0, 0.00010204315185546875, 0.0071647167205810547, 999.40637112981699, 999.33583147301692, 0.070539656800190448, 172, 190, 0.120285, 0.0162203, 0.0349264, 0.00356054, 0.0159848, 4.1008e-05, 0.0333962, 0.0161557, 
1e-6,2,100,4.23776e+06,1,2,19, 14.5965, 4.33556, 4.66006, 0, 0, 20, 21, 0.0095429420471191406, 4.9114227294921875e-05, 0.00012111663818359375, 1.4781951904296875e-05, 3.814697265625e-06, 0, 6.4134597778320312e-05, 0.0092899799346923828, 999.4141098653979, 999.33771348809, 0.0763963773079811, 192, 211, 0.129828, 0.0175626, 0.0382679, 0.00400972, 0.0178134, 4.48227e-05, 0.0352943, 0.0168352, 
1e-6,2,200,4.21183e+06,1,2,20, 15.345, 4.64822, 4.84095, 0, 0, 21, 22, 0.0099809169769287109, 4.8875808715820312e-05, 0.00011897087097167969, 1.4066696166992188e-05, 4.0531158447265625e-06, 0, 6.198883056640625e-05, 0.0097329616546630859, 999.48128587547433, 999.36337866959639, 0.11790720587789862, 213, 233, 0.139809, 0.0191007, 0.0415895, 0.00445461, 0.019733, 4.86374e-05, 0.0373187, 0.0175638, 
1e-6,2,300,4.20612e+06,1,2,21, 16.0853, 4.85493, 5.11087, 0, 0, 27, 28, 0.010741949081420898, 5.1975250244140625e-05, 0.00012707710266113281, 1.6927719116210938e-05, 5.0067901611328125e-06, 0, 7.4148178100585938e-05, 0.010466814041137695, 999.53360474340127, 999.39476047618405, 0.13884426721720516, 240, 261, 0.150551, 0.0207617, 0.0460746, 0.00485802, 0.0216212, 5.45979e-05, 0.0392656, 0.017915, 
1e-6,2,400,4.20205e+06,1,2,22, 16.783, 5.14042, 5.28453, 0, 0, 38, 39, 0.012638092041015625, 4.7922134399414062e-05, 0.0001201629638671875, 1.3828277587890625e-05, 4.0531158447265625e-06, 0, 0.00010514259338378906, 0.012346982955932617, 999.57496340545549, 999.4270236884953, 0.14793971696019936, 278, 300, 0.163189, 0.0227461, 0.0510018, 0.00542712, 0.0241456, 6.22272e-05, 0.0416648, 0.0181413, 
1e-6,2,500,4.20339e+06,1,2,23, 17.4929, 5.34046, 5.52771, 0, 0, 33, 34, 0.016430854797363281, 5.4836273193359375e-05, 0.00013613700866699219, 1.3828277587890625e-05, 3.814697265625e-06, 0, 9.7036361694335938e-05, 0.016125202178955078, 999.60841517395647, 999.45728640300513, 0.15112877095134197, 311, 334, 0.17962, 0.0256009, 0.0563493, 0.00632334, 0.0275989, 6.53267e-05, 0.0453663, 0.0183158, 
1e-6,2,600,4.2104e+06,1,2,24, 18.3013, 5.54674, 5.82235, 0, 0, 37, 38, 0.014770030975341797, 5.2928924560546875e-05, 0.00012278556823730469, 1.4066696166992188e-05, 4.0531158447265625e-06, 0, 6.103515625e-05, 0.014515161514282227, 999.63594189738205, 999.48557754568174, 0.15036435170038037, 348, 372, 0.19439, 0.0277839, 0.061882, 0.00694561, 0.0306952, 7.31945e-05, 0.0484245, 0.0185854, 
1e-6,2,700,4.2188e+06,1,2,25, 19.1579, 5.83777, 6.02885, 0, 0, 43, 44, 0.021492958068847656, 5.8889389038085938e-05, 0.00019717216491699219, 5.8889389038085938e-05, 4.0531158447265625e-06, 0, 0.00010204315185546875, 0.021071910858154297, 999.65898800994387, 999.51045380974847, 0.14853420019539021, 391, 416, 0.215883, 0.0309498, 0.069452, 0.00818372, 0.0348496, 7.93934e-05, 0.0529647, 0.0194035, 
1e-6,2,800,4.2271e+06,1,2,26, 19.8489, 6.05342, 6.25718, 0, 0, 48, 49, 0.017316102981567383, 6.5088272094726562e-05, 0.00011897087097167969, 1.3828277587890625e-05, 3.814697265625e-06, 0, 5.91278076171875e-05, 0.017055273056030273, 999.67867978352456, 999.53235673820063, 0.14632304532392992, 439, 465, 0.233199, 0.0336707, 0.075789, 0.00904608, 0.0381672, 8.55923e-05, 0.0563879, 0.0200524, 
1e-6,2,900,4.23718e+06,1,2,27, 20.5797, 6.29495, 6.4906, 0, 0, 45, 46, 0.017187833786010742, 4.9114227294921875e-05, 0.00018405914306640625, 1.6927719116210938e-05, 3.814697265625e-06, 0, 0.00019001960754394531, 0.016743898391723633, 999.69577293013378, 999.55188915804536, 0.14388377208854652, 484, 511, 0.250387, 0.036428, 0.0820704, 0.00979638, 0.041609, 9.34601e-05, 0.0600059, 0.0203836, 
1e-6,2,1000,4.24686e+06,1,2,28, 21.3872, 6.54616, 6.73397, 0, 0, 51, 52, 0.018647193908691406, 4.7922134399414062e-05, 0.0001239776611328125, 1.4066696166992188e-05, 4.0531158447265625e-06, 0, 6.4134597778320312e-05, 0.018393039703369141, 999.71080732556834, 999.56938972374996, 0.14141760181831031, 535, 563, 0.269034, 0.0392277, 0.0894852, 0.0106859, 0.0451839, 0.000104427, 0.0637455, 0.0206013, 
1e-6,2,2000,4.30856e+06,1,2,29, 22.1435, 6.82323, 6.94008, 0, 0, 77, 78, 0.028731822967529297, 4.8875808715820312e-05, 0.00011897087097167969, 1.4066696166992188e-05, 4.0531158447265625e-06, 0, 0.00020289421081542969, 0.028342962265014648, 999.80170987637825, 999.68162692070018, 0.12008295567814571, 612, 641, 0.297766, 0.0439646, 0.099721, 0.0121009, 0.0509796, 0.000115156, 0.0700696, 0.0208149, 
1e-6,2,3000,4.33185e+06,1,2,30, 22.9025, 7.07459, 7.14429, 0, 0, 110, 111, 0.042189121246337891, 5.8889389038085938e-05, 0.00011897087097167969, 1.4066696166992188e-05, 4.0531158447265625e-06, 0, 5.6982040405273438e-05, 0.041936159133911133, 999.8474720762888, 999.74188727613887, 0.10558480014988872, 722, 752, 0.339955, 0.0505025, 0.115075, 0.0140967, 0.0595839, 0.000133991, 0.079582, 0.0209808, 
1e-6,2,4000,4.3416e+06,1,2,31, 23.9903, 7.26882, 7.60579, 0, 0, 118, 119, 0.045994997024536133, 4.9114227294921875e-05, 0.00011682510375976562, 2.002716064453125e-05, 4.0531158447265625e-06, 0, 5.6982040405273438e-05, 0.045747995376586914, 999.87623810948241, 999.78190110434537, 0.094337005137249991, 840, 871, 0.38595, 0.0575213, 0.131627, 0.0163047, 0.0694509, 0.000157833, 0.0896378, 0.0212505, 
1e-6,2,5000,4.33856e+06,1,2,32, 24.8132, 7.47524, 7.90787, 0, 0, 116, 117, 0.045944929122924805, 4.8160552978515625e-05, 0.00011801719665527344, 1.7881393432617188e-05, 4.0531158447265625e-06, 0, 6.008148193359375e-05, 0.045696735382080078, 999.89628846129335, 999.8109055228457, 0.08538293844772385, 956, 988, 0.431895, 0.0641353, 0.148833, 0.019227, 0.0788312, 0.000174761, 0.0991309, 0.0215631, 
1e-6,2,6000,4.33201e+06,1,2,33, 25.7877, 7.72298, 8.21259, 0, 0, 128, 129, 0.045508146286010742, 6.8902969360351562e-05, 0.00012612342834472656, 1.8835067749023438e-05, 4.0531158447265625e-06, 0, 5.91278076171875e-05, 0.045231103897094727, 999.91121283821838, 999.83277297945756, 0.078439858761088388, 1084, 1117, 0.477403, 0.0713677, 0.165828, 0.0214391, 0.0880532, 0.000189304, 0.108728, 0.0217974, 
1e-6,2,7000,4.32357e+06,1,2,34, 26.7306, 8.03272, 8.53786, 0, 0, 204, 205, 0.072947025299072266, 4.8875808715820312e-05, 0.00011801719665527344, 1.5020370483398438e-05, 5.0067901611328125e-06, 0, 5.6028366088867188e-05, 0.072704076766967773, 999.92287013970872, 999.84997174652506, 0.072898393183558688, 1288, 1322, 0.55035, 0.0830564, 0.193347, 0.0250487, 0.102677, 0.000233173, 0.123986, 0.0220013, 
1e-6,2,8000,4.31528e+06,1,2,35, 27.5153, 8.22915, 8.83797, 0, 0, 130, 131, 0.049962997436523438, 4.7922134399414062e-05, 0.00018000602722167969, 5.5074691772460938e-05, 4.0531158447265625e-06, 0, 9.9897384643554688e-05, 0.049576044082641602, 999.93230568117656, 999.86380428588245, 0.068501395294054496, 1418, 1453, 0.600313, 0.0910752, 0.211923, 0.0280149, 0.11273, 0.000261784, 0.134076, 0.0222328, 
1e-6,2,9000,4.30506e+06,1,2,36, 28.2755, 8.49828, 9.01748, 0, 0, 129, 130, 0.048100948333740234, 4.8160552978515625e-05, 0.00012111663818359375, 1.3113021850585938e-05, 4.0531158447265625e-06, 0, 5.6982040405273438e-05, 0.047857522964477539, 999.94014637018233, 999.87548870677881, 0.064657663403690613, 1547, 1583, 0.648414, 0.0986309, 0.229884, 0.0304019, 0.122663, 0.0002985, 0.144131, 0.0224049, 
1e-6,2,10000,4.29403e+06,1,2,37, 29.0712, 8.70496, 9.37742, 0, 0, 165, 166, 0.075048923492431641, 4.8875808715820312e-05, 0.00011801719665527344, 1.3113021850585938e-05, 4.0531158447265625e-06, 0, 5.6028366088867188e-05, 0.074808835983276367, 999.94677700660122, 999.88544944844239, 0.061327558158542655, 1712, 1749, 0.723463, 0.109885, 0.256194, 0.0343652, 0.137877, 0.000319004, 0.162006, 0.0228164, 
1e-6,2,20000,4.19849e+06,1,2,38, 29.9262, 8.94533, 9.72839, 0, 0, 299, 300, 0.12670207023620605, 4.9114227294921875e-05, 0.00011801719665527344, 1.3113021850585938e-05, 4.0531158447265625e-06, 0, 5.7935714721679688e-05, 0.12645983695983887, 999.98289759755994, 999.93932172490133, 0.043575872658691409, 2011, 2049, 0.850165, 0.129698, 0.302619, 0.0411727, 0.163232, 0.000374317, 0.189813, 0.0232563, 
1e-6,2,30000,4.12354e+06,1,2,39, 31.3005, 9.19558, 10.5243, 0, 0, 410, 411, 0.17488503456115723, 4.9114227294921875e-05, 0.00012183189392089844, 1.4066696166992188e-05, 4.0531158447265625e-06, 0, 0.00017690658569335938, 0.17451906204223633, 999.99847315163152, 999.96443492116987, 0.034038230461644038, 2421, 2460, 1.02505, 0.158139, 0.364934, 0.0502808, 0.199857, 0.000437737, 0.227742, 0.0236588, 
1e-6,2,40000,4.07525e+06,1,2,40, 32.2112, 9.55806, 10.8623, 0, 0, 407, 408, 0.15971994400024414, 4.8875808715820312e-05, 0.00011706352233886719, 1.2874603271484375e-05, 4.0531158447265625e-06, 0, 6.5088272094726562e-05, 0.15947198867797852, 1000.0074823881787, 999.97825541221903, 0.029226975959692196, 2828, 2868, 1.18477, 0.184001, 0.424173, 0.0589716, 0.232193, 0.000526905, 0.260832, 0.0240722, 
1e-6,2,50000,4.04086e+06,1,2,41, 33.0488, 9.75323, 11.2562, 0, 0, 414, 415, 0.19225907325744629, 5.6028366088867188e-05, 0.0001277923583984375, 2.5987625122070312e-05, 3.814697265625e-06, 0, 7.5101852416992188e-05, 0.1919703483581543, 1000.0135883611973, 999.98764086329231, 0.025947497904849251, 3242, 3283, 1.37703, 0.21357, 0.492253, 0.0697424, 0.272494, 0.000608206, 0.303921, 0.0244408, 
1e-6,2,60000,4.01461e+06,1,2,42, 33.8804, 9.958, 11.6544, 0, 0, 487, 488, 0.18685507774353027, 4.8160552978515625e-05, 0.00011491775512695312, 1.3113021850585938e-05, 3.814697265625e-06, 0, 5.7220458984375e-05, 0.18661785125732422, 1000.0180643213904, 999.99459999801832, 0.023464323372191148, 3729, 3771, 1.56388, 0.243701, 0.559887, 0.0792816, 0.312115, 0.000699759, 0.343204, 0.0249951, 
1e-6,2,70000,3.99173e+06,1,2,43, 34.8348, 10.2443, 12.0817, 0, 0, 557, 558, 0.26385998725891113, 7.2956085205078125e-05, 0.00016617774963378906, 1.3828277587890625e-05, 3.814697265625e-06, 0, 5.91278076171875e-05, 0.26354408264160156, 1000.0214722402721, 1000.0000317243001, 0.021440515972221602, 4286, 4329, 1.82774, 0.284875, 0.655541, 0.0924604, 0.367451, 0.000780582, 0.400772, 0.0258648, 
1e-6,2,80000,3.97039e+06,1,2,44, 35.7858, 10.6836, 12.3086, 0, 0, 535, 536, 0.22619915008544922, 6.6995620727539062e-05, 0.00011706352233886719, 1.3113021850585938e-05, 4.0531158447265625e-06, 0, 5.6982040405273438e-05, 0.22594094276428223, 1000.0241724770948, 1000.0045061603025, 0.01966631679216416, 4821, 4865, 2.05394, 0.318596, 0.737273, 0.104939, 0.41398, 0.000881672, 0.451943, 0.0263309, 
1e-6,2,90000,3.94825e+06,1,2,45, 36.7386, 10.9317, 12.7219, 0, 0, 467, 468, 0.20412302017211914, 0.00010704994201660156, 0.00011920928955078125, 1.2874603271484375e-05, 4.0531158447265625e-06, 0, 6.6995620727539062e-05, 0.20381283760070801, 1000.0263331214269, 1000.0082656814744, 0.01806743995271554, 5288, 5333, 2.25807, 0.348632, 0.818192, 0.114752, 0.454471, 0.000962257, 0.494287, 0.0267701, 
1e-6,2,100000,3.92766e+06,1,2,46, 37.7141, 11.1526, 13.1806, 0, 0, 650, 651, 0.25794482231140137, 4.7922134399414062e-05, 0.00015783309936523438, 4.2200088500976562e-05, 4.0531158447265625e-06, 0, 0.00025177001953125, 0.25744104385375977, 1000.0280951596982, 1000.011491554048, 0.016603605650201747, 5938, 5984, 2.51601, 0.388395, 0.91331, 0.128331, 0.507179, 0.00110388, 0.549986, 0.0277069, 
1e-6,2,200000,3.84798e+06,1,2,47, 39.0047, 11.3521, 13.8726, 0, 0, 1165, 1166, 0.47524499893188477, 4.8160552978515625e-05, 0.0001220703125, 1.3113021850585938e-05, 4.0531158447265625e-06, 0, 0.00035500526428222656, 0.47470259666442871, 1000.036758803132, 1000.0266116366552, 0.010147166476944193, 7103, 7150, 2.99126, 0.461961, 1.08867, 0.15317, 0.603632, 0.00129962, 0.653468, 0.0290563, 
1e-6,2,300000,3.80477e+06,1,2,48, 39.9311, 11.6398, 14.2658, 0, 0, 747, 748, 0.25326895713806152, 4.8875808715820312e-05, 0.00012111663818359375, 2.193450927734375e-05, 4.0531158447265625e-06, 0, 8.6069107055664062e-05, 0.25298690795898438, 1000.0400741937359, 1000.0324943816244, 0.0075798121115000731, 7850, 7898, 3.24452, 0.502132, 1.18444, 0.165899, 0.655333, 0.00142193, 0.705041, 0.0302625, 
1e-6,2,400000,3.77015e+06,1,2,49, 40.8626, 11.8593, 14.722, 0, 0, 649, 650, 0.23967480659484863, 4.8875808715820312e-05, 0.00013494491577148438, 1.4066696166992188e-05, 4.0531158447265625e-06, 0, 5.7935714721679688e-05, 0.23941493034362793, 1000.0417410165846, 1000.0355123690779, 0.0062286475065992108, 8499, 8548, 3.4842, 0.539242, 1.2748, 0.178034, 0.704327, 0.00151992, 0.755096, 0.0311801, 
1e-6,2,500000,3.75006e+06,1,2,50, 41.8362, 12.1251, 15.1937, 0, 0, 592, 593, 0.22762203216552734, 8.487701416015625e-05, 0.0001659393310546875, 4.7206878662109375e-05, 4.0531158447265625e-06, 0, 0.0001678466796875, 0.22715210914611816, 1000.0429762945843, 1000.0377203913146, 0.0052559032695031049, 9091, 9141, 3.71182, 0.573115, 1.36278, 0.192784, 0.749334, 0.00162458, 0.800057, 0.0321307, 
1e-6,2,600000,3.74454e+06,1,2,51, 42.7017, 12.3391, 15.6105, 0, 0, 555, 556, 0.19247698783874512, 4.7922134399414062e-05, 0.00011897087097167969, 1.3113021850585938e-05, 4.0531158447265625e-06, 0, 5.8889389038085938e-05, 0.19223403930664062, 1000.0439773395163, 1000.0387725722143, 0.0052047673020885745, 9646, 9697, 3.9043, 0.604413, 1.43565, 0.202129, 0.78862, 0.00173378, 0.83906, 0.0326982, 
1e-6,2,700000,3.74079e+06,1,2,52, 43.6991, 12.5563, 16.0698, 0, 0, 657, 658, 0.22617197036743164, 4.8160552978515625e-05, 0.00011920928955078125, 1.4781951904296875e-05, 3.814697265625e-06, 9.5367431640625e-07, 5.7220458984375e-05, 0.22592782974243164, 1000.0445716432977, 1000.0395329126945, 0.005038730603023435, 10303, 10355, 4.13047, 0.639638, 1.51993, 0.21323, 0.838207, 0.00184679, 0.884435, 0.0331798, 
1e-6,2,800000,3.73529e+06,1,2,53, 44.6921, 12.8306, 16.4895, 0, 0, 599, 600, 0.21944093704223633, 4.7922134399414062e-05, 0.00016093254089355469, 2.3126602172851562e-05, 4.0531158447265625e-06, 0, 9.8943710327148438e-05, 0.21910595893859863, 1000.045031941163, 1000.0401093362129, 0.004922604950099399, 10902, 10955, 4.34991, 0.674766, 1.60203, 0.223978, 0.882332, 0.00197172, 0.930724, 0.0341115, 
1e-6,2,900000,3.72588e+06,1,2,54, 45.5848, 13.1156, 16.8405, 0, 0, 535, 536, 0.21317386627197266, 6.7949295043945312e-05, 0.00016188621520996094, 1.4066696166992188e-05, 4.0531158447265625e-06, 0, 9.3936920166015625e-05, 0.21283197402954102, 1000.0451323401917, 1000.0406189924356, 0.0045133477558771205, 11437, 11491, 4.56309, 0.709295, 1.68095, 0.235461, 0.924959, 0.00209093, 0.975393, 0.0349364, 
1e-6,2,1e+06,3.71446e+06,1,2,55, 46.5329, 13.493, 17.1803, 0, 0, 372, 373, 0.13374710083007812, 5.1975250244140625e-05, 0.00012302398681640625, 1.3828277587890625e-05, 3.814697265625e-06, 0, 5.7220458984375e-05, 0.13349723815917969, 1000.0457499105265, 1000.0411569662039, 0.0045929443227264305, 11809, 11864, 4.69683, 0.730554, 1.73111, 0.242059, 0.952121, 0.00215626, 1.00352, 0.0353117, 
1e-6,2,2e+06,3.70859e+06,1,2,56, 47.4467, 13.722, 17.6137, 0, 0, 379, 380, 0.15228509902954102, 0.00011587142944335938, 0.00012302398681640625, 1.4066696166992188e-05, 4.0531158447265625e-06, 0, 5.6982040405273438e-05, 0.15197110176086426, 1000.0494481711635, 1000.0425938918929, 0.0068542792703468755, 12188, 12244, 4.84912, 0.754569, 1.78745, 0.249444, 0.983104, 0.00221658, 1.03623, 0.0361078, 
1e-6,2,3e+06,3.70672e+06,1,2,57, 48.3311, 13.9166, 18.0823, 0, 0, 327, 328, 0.15868806838989258, 4.9829483032226562e-05, 0.00013208389282226562, 1.2874603271484375e-05, 4.0531158447265625e-06, 0, 5.91278076171875e-05, 0.15843009948730469, 1000.0529620124016, 1000.043049300896, 0.0099127115053147686, 12515, 12572, 5.00781, 0.778684, 1.84517, 0.258073, 1.01487, 0.0022788, 1.07222, 0.0365038, 
1e-6,2,4e+06,3.70588e+06,1,2,58, 49.1941, 14.2085, 18.3716, 0, 0, 342, 343, 0.14639091491699219, 4.7922134399414062e-05, 0.00011610984802246094, 1.3113021850585938e-05, 3.814697265625e-06, 0, 5.6028366088867188e-05, 0.14615392684936523, 1000.0554542756454, 1000.0433387213802, 0.012115554264921649, 12857, 12915, 5.1542, 0.801288, 1.89896, 0.265626, 1.04512, 0.00233388, 1.10401, 0.0368586, 
1e-6,2,5e+06,3.70525e+06,1,2,59, 50.0994, 14.4307, 18.7883, 0, 0, 422, 423, 0.18819713592529297, 4.7922134399414062e-05, 0.00022292137145996094, 1.4066696166992188e-05, 4.0531158447265625e-06, 0, 8.106231689453125e-05, 0.18782711029052734, 1000.0572833021502, 1000.0435669667419, 0.013716335408034921, 13279, 13338, 5.34239, 0.831205, 1.96409, 0.275657, 1.08525, 0.00241208, 1.14611, 0.0376747, 
1e-6,2,6e+06,3.70488e+06,1,2,60, 50.9298, 14.7407, 19.0574, 0, 0, 402, 403, 0.15588188171386719, 5.1021575927734375e-05, 0.000141143798828125, 1.6927719116210938e-05, 4.0531158447265625e-06, 0, 5.6028366088867188e-05, 0.15561270713806152, 1000.0595476232098, 1000.0436929369264, 0.015854686283432465, 13681, 13741, 5.49828, 0.855637, 2.02327, 0.28348, 1.11629, 0.0024941, 1.1789, 0.0381992, 
1e-6,2,7e+06,3.70446e+06,1,2,61, 51.8686, 15.0612, 19.3358, 0, 0, 301, 302, 0.15402603149414062, 4.7922134399414062e-05, 0.00011897087097167969, 1.2874603271484375e-05, 3.814697265625e-06, 0, 5.7220458984375e-05, 0.15378522872924805, 1000.0644653154274, 1000.043643622916, 0.020821692511622709, 13982, 14043, 5.6523, 0.879212, 2.07741, 0.29187, 1.14868, 0.00255895, 1.21408, 0.0384862, 
1e-6,2,8e+06,3.70453e+06,1,2,62, 52.7313, 15.2781, 19.7308, 0, 0, 344, 345, 0.15084409713745117, 5.3167343139648438e-05, 0.00039911270141601562, 8.9883804321289062e-05, 3.814697265625e-06, 0, 0.00030612945556640625, 0.14999198913574219, 1000.0660545898077, 1000.0437620469831, 0.022292542824806843, 14326, 14388, 5.80315, 0.901698, 2.1331, 0.300003, 1.17958, 0.00262642, 1.24736, 0.0387864, 
1e-6,2,9e+06,3.70432e+06,1,2,63, 53.5583, 15.5507, 20.0291, 0, 0, 312, 313, 0.11792898178100586, 6.7949295043945312e-05, 0.00012898445129394531, 2.4080276489257812e-05, 4.0531158447265625e-06, 0, 0.00014901161193847656, 0.11755490303039551, 1000.0706397575719, 1000.0437363219887, 0.026903435583229635, 14638, 14701, 5.92107, 0.920158, 2.1767, 0.30602, 1.20384, 0.00267243, 1.27223, 0.0394483, 
1e-6,2,1e+07,3.7049e+06,1,2,64, 54.3801, 15.839, 20.3108, 0, 0, 259, 260, 0.1095879077911377, 6.4134597778320312e-05, 0.00015783309936523438, 1.71661376953125e-05, 3.814697265625e-06, 0, 6.198883056640625e-05, 0.1092829704284668, 1000.0755258115927, 1000.0437164399375, 0.031809371655095495, 14897, 14961, 6.03066, 0.93729, 2.21474, 0.3121, 1.2266, 0.00274014, 1.29707, 0.0401254, 
1e-6,2,2e+07,3.70536e+06,1,2,65, 55.158, 16.1561, 20.5171, 0, 0, 192, 193, 0.074750900268554688, 0.00011897087097167969, 0.00030398368835449219, 3.7908554077148438e-05, 4.0531158447265625e-06, 0, 0.000247955322265625, 0.074038028717041016, 1000.1090165235505, 1000.0439554278356, 0.065061095714859976, 15089, 15154, 6.10541, 0.948884, 2.24175, 0.316303, 1.24194, 0.00278378, 1.31334, 0.0404103, 
1e-6,2,3e+07,3.70566e+06,1,2,66, 56.0698, 16.422, 20.8648, 0, 0, 215, 216, 0.087028026580810547, 5.5074691772460938e-05, 0.00019311904907226562, 4.5061111450195312e-05, 2.86102294921875e-06, 9.5367431640625e-07, 0.00012803077697753906, 0.086602926254272461, 1000.1274476011006, 1000.0442406206131, 0.083206980487621596, 15304, 15370, 6.19244, 0.961826, 2.27311, 0.321277, 1.25993, 0.00283098, 1.33249, 0.0409806, 
1e-6,2,4e+07,3.70457e+06,1,2,67, 56.8867, 16.6215, 21.2082, 0, 0, 274, 275, 0.10007786750793457, 4.6968460083007812e-05, 0.00011587142944335938, 1.2874603271484375e-05, 4.0531158447265625e-06, 0, 5.6982040405273438e-05, 0.099841117858886719, 1000.1533241030199, 1000.0441523022371, 0.10917180078275364, 15578, 15645, 6.29252, 0.977171, 2.31057, 0.326604, 1.28025, 0.00287843, 1.35356, 0.0414848, 
1e-6,2,5e+07,3.70393e+06,1,2,68, 57.6523, 16.8834, 21.4736, 0, 0, 143, 144, 0.049343109130859375, 5.1021575927734375e-05, 0.00012898445129394531, 1.4066696166992188e-05, 4.0531158447265625e-06, 0, 6.008148193359375e-05, 0.049084901809692383, 1000.1903121283117, 1000.0440626064324, 0.14624952187943585, 15721, 15789, 6.34186, 0.984857, 2.32947, 0.328887, 1.29027, 0.00291467, 1.36376, 0.0417082, 
1e-6,2,6e+07,3.70482e+06,1,2,69, 58.4007, 17.3146, 21.5651, 0, 0, 225, 226, 0.090754985809326172, 4.8875808715820312e-05, 0.00018906593322753906, 5.4836273193359375e-05, 3.814697265625e-06, 0, 0.00027513504028320312, 0.090183258056640625, 1000.2206509073741, 1000.0442115061626, 0.17643940121125831, 15946, 16015, 6.43262, 0.999192, 2.36363, 0.33329, 1.30818, 0.00295591, 1.3833, 0.0420659, 
1e-6,2,7e+07,3.70467e+06,1,2,70, 59.1614, 17.5633, 21.8181, 0, 0, 231, 232, 0.07428288459777832, 4.7922134399414062e-05, 0.00011396408081054688, 1.4066696166992188e-05, 4.0531158447265625e-06, 0, 5.6982040405273438e-05, 0.074045896530151367, 1000.254388474043, 1000.0441988267652, 0.21018964727809281, 16177, 16247, 6.5069, 1.01118, 2.39206, 0.336696, 1.32358, 0.00299621, 1.39776, 0.0426314, 
1e-6,2,8e+07,3.70399e+06,1,2,71, 60.0897, 17.8676, 22.0869, 0, 0, 169, 170, 0.060669898986816406, 5.4121017456054688e-05, 0.00013303756713867188, 1.3113021850585938e-05, 4.0531158447265625e-06, 0, 9.8943710327148438e-05, 0.060366630554199219, 1000.2914097210999, 1000.0441411667406, 0.2472685543593498, 16346, 16417, 6.56757, 1.02076, 2.41521, 0.339734, 1.33548, 0.00303102, 1.41045, 0.0429025, 
1e-6,2,9e+07,3.70468e+06,1,2,72, 60.8474, 18.1513, 22.2971, 0, 0, 208, 209, 0.077394008636474609, 4.6968460083007812e-05, 0.00011491775512695312, 1.3113021850585938e-05, 4.0531158447265625e-06, 0, 6.7949295043945312e-05, 0.077147006988525391, 1000.329231718836, 1000.0441797488984, 0.28505196993780052, 16554, 16626, 6.64496, 1.03232, 2.44301, 0.343499, 1.35318, 0.00306606, 1.42663, 0.0432563, 
1e-6,2,1e+08,3.70338e+06,1,2,73, 61.6605, 18.3911, 22.5638, 0, 0, 193, 194, 0.064265012741088867, 9.6797943115234375e-05, 0.00012183189392089844, 1.3113021850585938e-05, 4.0531158447265625e-06, 0, 5.6982040405273438e-05, 0.063972234725952148, 1000.3603469200414, 1000.0440171619794, 0.31632975806196473, 16747, 16820, 6.70923, 1.04242, 2.46753, 0.346477, 1.36618, 0.0031085, 1.43974, 0.0437763, 
