?spgqp_err,K,epssqr,abserr,Theta0,Theta1,it all, t all, t gamma update, t gamma solve, t theta update, t theta solve, SPGQP it, SPGQP hessmult, SPGQP t all, SPGQP t project, SPGQP t matmult, SPGQP t dot, SPGQP t update, SPGQP t stepsize, SPGQP t fs, SPGQP t other, SPGQP fx, SPGQP fx_linear, SPGQP fx_quadratic, SPGQP_sum it, SPGQP_sum hessmult, SPGQP_sum t all, SPGQP_sum t project, SPGQP_sum t matmult, SPGQP_sum t dot, SPGQP_sum t update, SPGQP_sum t stepsize, SPGQP_sum t fs, SPGQP_sum t other, 
1e-6,2,1,4.7958e+06,1,2,1, 0.820396, 0.221661, 0.315002, 0, 0, 17, 18, 0.083428144454956055, 0.00026297569274902344, 0.00093793869018554688, 0.00021409988403320312, 0.00024104118347167969, 0, 0.00073695182800292969, 0.081035137176513672, 992.30174732612704, 992.20456694131053, 0.097180384815912096, 17, 18, 0.0834281, 0.00707817, 0.0207605, 0.00406504, 0.0245531, 1.00136e-05, 0.0174391, 0.0095222, 
1e-6,2,2,4.79223e+06,1,2,2, 1.55551, 0.433498, 0.544845, 0, 0, 16, 17, 0.060165882110595703, 0.00026607513427734375, 0.00077891349792480469, 0.0002651214599609375, 0.00024700164794921875, 0, 0.00085902214050292969, 0.057749748229980469, 992.39762880244848, 992.20843859827369, 0.189190204174601, 33, 35, 0.143594, 0.0119684, 0.0341649, 0.00808477, 0.0467844, 1.28746e-05, 0.0314469, 0.0111318, 
1e-6,2,3,4.7889e+06,1,2,3, 2.32225, 0.724915, 0.723753, 0, 0, 16, 17, 0.059374809265136719, 0.00027298927307128906, 0.00078701972961425781, 0.00023603439331054688, 0.0002269744873046875, 0, 0.00075197219848632812, 0.057099819183349609, 992.49095224083862, 992.2147715185331, 0.27618072230549051, 49, 52, 0.202969, 0.0169318, 0.0476034, 0.0118709, 0.0686245, 1.88351e-05, 0.0451376, 0.0127819, 
1e-6,2,4,4.78587e+06,1,2,4, 5.8457, 3.81126, 0.931884, 0, 0, 21, 22, 0.077098846435546875, 0.00026488304138183594, 0.00078701972961425781, 0.00024199485778808594, 0.00023388862609863281, 0, 0.00075507164001464844, 0.074815988540649414, 992.5817694464555, 992.22345462736416, 0.3583148190909346, 70, 74, 0.280068, 0.0232146, 0.0651641, 0.0170357, 0.0975232, 2.28882e-05, 0.062762, 0.0143452, 
1e-6,2,5,4.78297e+06,1,2,5, 6.88804, 4.04092, 1.19039, 0, 0, 22, 23, 0.082994937896728516, 0.00026702880859375, 0.00079703330993652344, 0.00023102760314941406, 0.00022792816162109375, 0, 0.00083708763122558594, 0.080634832382202148, 992.67012094624909, 992.23444554782782, 0.43567539842102748, 92, 97, 0.363063, 0.0302672, 0.0846765, 0.0223901, 0.127482, 2.57492e-05, 0.0820897, 0.0161312, 
1e-6,2,6,4.7802e+06,1,2,6, 7.69806, 4.24986, 1.52504, 0, 0, 22, 23, 0.089524984359741211, 0.0011358261108398438, 0.0012290477752685547, 0.00044798851013183594, 0.00023913383483886719, 0, 0.0012538433074951172, 0.085219144821166992, 992.75605922413092, 992.2475380867445, 0.50852113738588978, 114, 120, 0.452588, 0.0384903, 0.104893, 0.0282316, 0.159157, 3.38554e-05, 0.104045, 0.0177362, 
1e-6,2,7,4.77735e+06,1,2,7, 8.49859, 4.47918, 1.83883, 0, 0, 22, 23, 0.081374883651733398, 0.0002651214599609375, 0.00082421302795410156, 0.00024580955505371094, 0.00023984909057617188, 9.5367431640625e-07, 0.00073599815368652344, 0.079062938690185547, 992.83965103470985, 992.26256032214553, 0.57709071256415867, 136, 143, 0.533962, 0.0449724, 0.124385, 0.0336251, 0.188662, 4.19617e-05, 0.122843, 0.0194337, 
1e-6,2,8,4.77436e+06,1,2,8, 9.52575, 4.68882, 2.34702, 0, 0, 28, 29, 0.10589504241943359, 0.00031280517578125, 0.00084900856018066406, 0.00027704238891601562, 0.00024509429931640625, 0, 0.00072503089904785156, 0.10348606109619141, 992.92096463598193, 992.27939047613768, 0.64157415984365773, 164, 172, 0.639858, 0.0539339, 0.149255, 0.040926, 0.227756, 4.673e-05, 0.146924, 0.0210171, 
1e-6,2,9,4.77142e+06,1,2,9, 10.3427, 5.00934, 2.59664, 0, 0, 34, 35, 0.12755489349365234, 0.00030493736267089844, 0.00077891349792480469, 0.00023198127746582031, 0.0002269744873046875, 0, 0.00076699256896972656, 0.12524509429931641, 993.00006572680081, 992.29793722852446, 0.70212849827718071, 198, 207, 0.767412, 0.0646784, 0.178758, 0.0491683, 0.27509, 5.24521e-05, 0.176928, 0.0227375, 
1e-6,2,10,4.76843e+06,1,2,10, 11.2221, 5.21691, 2.99348, 0, 0, 27, 28, 0.10396289825439453, 0.00029683113098144531, 0.00078511238098144531, 0.00023889541625976562, 0.00022602081298828125, 9.5367431640625e-07, 0.00072908401489257812, 0.10168600082397461, 993.07700888876775, 992.31818174161094, 0.75882714715594712, 225, 235, 0.871375, 0.0737715, 0.202501, 0.0563595, 0.312713, 6.03199e-05, 0.201613, 0.0243573, 
1e-6,2,20,4.73886e+06,1,2,11, 12.0354, 5.45514, 3.31385, 0, 0, 39, 40, 0.14652299880981445, 0.00030183792114257812, 0.0007839202880859375, 0.00023317337036132812, 0.00023007392883300781, 0, 0.00073099136352539062, 0.14424300193786621, 993.74075814387402, 992.58551102980232, 1.1552471140715981, 264, 275, 1.0179, 0.085515, 0.237097, 0.0661545, 0.368385, 6.62804e-05, 0.234642, 0.0260389, 
1e-6,2,30,4.71335e+06,1,2,12, 12.8275, 5.66439, 3.65999, 0, 0, 40, 41, 0.1521298885345459, 0.00026392936706542969, 0.00079107284545898438, 0.00023198127746582031, 0.00023102760314941406, 0, 0.00073695182800292969, 0.14987492561340332, 994.24870046968954, 992.91210068667306, 1.3365997830161804, 304, 316, 1.17003, 0.0985618, 0.272647, 0.0765324, 0.425815, 7.70092e-05, 0.268766, 0.0276289, 
1e-6,2,40,4.69091e+06,1,2,13, 13.6726, 5.88039, 4.09623, 0, 0, 44, 45, 0.16129183769226074, 0.00039386749267578125, 0.000843048095703125, 0.00023603439331054688, 0.0002269744873046875, 0, 0.00076889991760253906, 0.15882301330566406, 994.64427618097261, 993.2406004139691, 1.4036757670032551, 348, 361, 1.33132, 0.112425, 0.310649, 0.08722, 0.486016, 8.84533e-05, 0.305676, 0.0292459, 
1e-6,2,50,4.67085e+06,1,2,14, 14.6559, 6.10541, 4.56414, 0, 0, 55, 56, 0.19394397735595703, 0.00026702880859375, 0.00079798698425292969, 0.00024008750915527344, 0.00023293495178222656, 0, 0.0007228851318359375, 0.19168305397033691, 994.95936083059621, 993.54492561594316, 1.4144352146536288, 403, 417, 1.52526, 0.128505, 0.355539, 0.100735, 0.560303, 0.000104189, 0.349274, 0.0308044, 
1e-6,2,60,4.65306e+06,1,2,15, 15.5308, 6.38724, 4.85818, 0, 0, 58, 59, 0.20524716377258301, 0.00028491020202636719, 0.000782012939453125, 0.00022482872009277344, 0.00022721290588378906, 1.1920928955078125e-06, 0.00073981285095214844, 0.2029871940612793, 995.21618218828348, 993.81653633334281, 1.399645854939894, 461, 476, 1.73051, 0.144413, 0.403417, 0.114395, 0.638973, 0.000117302, 0.396992, 0.0322049, 
1e-6,2,70,4.63676e+06,1,2,16, 16.5557, 6.64963, 5.35809, 0, 0, 68, 69, 0.24101805686950684, 0.0002651214599609375, 0.00078797340393066406, 0.00028491020202636719, 0.00022602081298828125, 0, 0.00082302093505859375, 0.23863101005554199, 995.43010840403213, 994.05585875491977, 1.3742496491122085, 529, 545, 1.97153, 0.164017, 0.459762, 0.130721, 0.731151, 0.000133514, 0.451843, 0.0339017, 
1e-6,2,80,4.62203e+06,1,2,17, 17.5223, 6.85858, 5.84256, 0, 0, 71, 72, 0.25206995010375977, 0.00026416778564453125, 0.00083208084106445312, 0.0002498626708984375, 0.0002460479736328125, 0, 0.00074005126953125, 0.24973773956298828, 995.61175658414379, 994.26621107774019, 1.3455455064034565, 600, 617, 2.2236, 0.184396, 0.518296, 0.148148, 0.828513, 0.000159979, 0.508541, 0.0355444, 
1e-6,2,90,4.60797e+06,1,2,18, 18.4653, 7.08461, 6.31175, 0, 0, 79, 80, 0.28189802169799805, 0.00026297569274902344, 0.00078916549682617188, 0.00022602081298828125, 0.0002269744873046875, 0, 0.00074100494384765625, 0.27965188026428223, 995.76856230469502, 994.45184431963366, 1.3167179850617934, 679, 697, 2.5055, 0.207182, 0.584988, 0.168251, 0.936414, 0.000181675, 0.571267, 0.0372131, 
1e-6,2,100,4.59484e+06,1,2,19, 19.6094, 7.29147, 6.86409, 0, 0, 80, 81, 0.28249597549438477, 0.00033092498779296875, 0.0007839202880859375, 0.000225067138671875, 0.0002269744873046875, 0, 0.00080108642578125, 0.28012800216674805, 995.90585515189866, 994.61670419644236, 1.2891509554550813, 759, 778, 2.78799, 0.230352, 0.650761, 0.18684, 1.04443, 0.000198603, 0.636535, 0.0388784, 
1e-6,2,200,4.49825e+06,1,2,20, 20.7767, 7.50409, 7.53987, 0, 0, 138, 139, 0.49526810646057129, 0.00026297569274902344, 0.000782012939453125, 0.00018215179443359375, 0.00022602081298828125, 0, 0.00073003768920898438, 0.49308490753173828, 996.73065954944491, 995.64315152262827, 1.0875080268176887, 897, 917, 3.28326, 0.271383, 0.767586, 0.221302, 1.23309, 0.000221252, 0.749086, 0.0405893, 
1e-6,2,300,4.43118e+06,1,2,21, 22.1209, 7.72, 8.39661, 0, 0, 184, 185, 0.65705704689025879, 0.00030994415283203125, 0.00081896781921386719, 0.00020503997802734375, 0.00022602081298828125, 1.1920928955078125e-06, 0.00085687637329101562, 0.65463900566101074, 997.14725657709459, 996.17948454688326, 0.96777203021099389, 1081, 1102, 3.94032, 0.32558, 0.921727, 0.264781, 1.48484, 0.000258446, 0.900787, 0.0423439, 
1e-6,2,400,4.37899e+06,1,2,22, 23.8806, 7.96843, 9.59017, 0, 0, 285, 286, 1.0045480728149414, 0.00031113624572753906, 0.000823974609375, 0.00018405914306640625, 0.00022602081298828125, 0, 0.00075101852416992188, 1.0022518634796143, 997.41384409145633, 996.52751196322004, 0.88633212823650198, 1366, 1388, 4.94487, 0.412031, 1.16277, 0.323703, 1.87346, 0.00031352, 1.12845, 0.0441356, 
1e-6,2,500,4.33621e+06,1,2,23, 25.7009, 8.19357, 10.9131, 0, 0, 294, 295, 1.0431201457977295, 0.00026082992553710938, 0.00079393386840820312, 0.00018215179443359375, 0.0002269744873046875, 0, 0.00073504447937011719, 1.0409212112426758, 997.6048546626148, 996.7787008389389, 0.82615382367572132, 1660, 1683, 5.98799, 0.499103, 1.40912, 0.386265, 2.27766, 0.00038743, 1.36952, 0.045923, 
1e-6,2,600,4.3005e+06,1,2,24, 27.5564, 8.47891, 12.2448, 0, 0, 334, 335, 1.2075471878051758, 0.00026178359985351562, 0.00078511238098144531, 0.00019383430480957031, 0.00022721290588378906, 0, 0.00079298019409179688, 1.2052862644195557, 997.75115742758362, 996.97206146556255, 0.77909596202091158, 1994, 2018, 7.19553, 0.601226, 1.69973, 0.461607, 2.73849, 0.000472069, 1.64618, 0.0478306, 
1e-6,2,700,4.26941e+06,1,2,25, 30.1628, 8.70322, 14.3722, 0, 0, 378, 379, 1.351754903793335, 0.00029993057250976562, 0.0008678436279296875, 0.00019621849060058594, 0.0002269744873046875, 0, 0.000865936279296875, 1.3492980003356934, 997.86829280576944, 997.12736908255363, 0.7409237232166952, 2372, 2397, 8.54729, 0.719963, 2.02101, 0.544728, 3.26076, 0.000553846, 1.95047, 0.0498097, 
1e-6,2,800,4.24308e+06,1,2,26, 32.4383, 8.92114, 16.1608, 0, 0, 438, 439, 1.5377769470214844, 0.00026106834411621094, 0.00080895423889160156, 0.00018906593322753906, 0.00022792816162109375, 0, 0.00073909759521484375, 1.5355508327484131, 997.96509883454951, 997.25579588522055, 0.70930294932822802, 2810, 2836, 10.0851, 0.852706, 2.38264, 0.639312, 3.8592, 0.000641346, 2.29883, 0.0517347, 
1e-6,2,900,4.22043e+06,1,2,27, 34.8629, 9.14387, 18.082, 0, 0, 496, 497, 1.7118289470672607, 0.00026607513427734375, 0.00092291831970214844, 0.00019288063049316406, 0.00023484230041503906, 0, 0.00073909759521484375, 1.7094731330871582, 998.04705481949566, 997.36453171829044, 0.68252310120482618, 3306, 3333, 11.7969, 0.994424, 2.7804, 0.746217, 4.53811, 0.000759125, 2.68327, 0.0537097, 
1e-6,2,1000,4.20046e+06,1,2,28, 37.6465, 9.35314, 20.3991, 0, 0, 547, 548, 1.9202239513397217, 0.00026297569274902344, 0.00077891349792480469, 0.00018310546875, 0.00022792816162109375, 0, 0.00079607963562011719, 1.9179749488830566, 998.11773902506775, 997.45833924080989, 0.65939978425856172, 3853, 3881, 13.7171, 1.15815, 3.23723, 0.86408, 5.28535, 0.000886917, 3.11564, 0.0557861, 
1e-6,2,2000,4.06916e+06,1,2,29, 42.4231, 9.57965, 24.6934, 0, 0, 1201, 1202, 4.0906789302825928, 0.00026202201843261719, 0.00077700614929199219, 0.00020599365234375, 0.0002269744873046875, 0, 0.00072002410888671875, 4.088486909866333, 998.52629770566898, 998.00210843480704, 0.5241892708611724, 5054, 5083, 17.8078, 1.49454, 4.20698, 1.10767, 6.90028, 0.00113797, 4.0389, 0.058286, 
1e-6,2,3000,4.00085e+06,1,2,30, 48.6674, 9.79577, 30.4552, 0, 0, 1585, 1586, 5.5332489013671875, 0.00026011466979980469, 0.00096011161804199219, 0.0002269744873046875, 0.00023913383483886719, 0, 0.00083899497985839844, 5.5307235717773438, 998.72512590131362, 998.26695389042015, 0.45817201089329163, 6639, 6669, 23.341, 1.96726, 5.52034, 1.42594, 9.06863, 0.00149131, 5.29617, 0.061208, 
1e-6,2,4000,3.95671e+06,1,2,31, 56.285, 10.0936, 37.4599, 0, 0, 1946, 1947, 6.8080129623413086, 0.00026106834411621094, 0.00077915191650390625, 0.000186920166015625, 0.0002269744873046875, 0, 0.00074315071105957031, 6.8058156967163086, 998.85084919448127, 998.43398064991425, 0.41686854456818306, 8585, 8616, 30.1491, 2.55528, 7.13394, 1.81618, 11.727, 0.00194359, 6.85032, 0.0644102, 
1e-6,2,5000,3.92934e+06,1,2,32, 65.0537, 10.3356, 45.7146, 0, 0, 2330, 2331, 8.0528771877288818, 0.0002651214599609375, 0.0007610321044921875, 0.00019097328186035156, 0.00023889541625976562, 0, 0.00077009201049804688, 8.0506510734558105, 998.94052731035583, 998.55260944364829, 0.38791786670791856, 10915, 10947, 38.2019, 3.22703, 8.99239, 2.29327, 14.9624, 0.00249243, 8.65657, 0.0678334, 
1e-6,2,6000,3.91331e+06,1,2,33, 77.8213, 10.5604, 58.0184, 0, 0, 3365, 3366, 11.862439870834351, 0.00033307075500488281, 0.00083994865417480469, 0.00021100044250488281, 0.00025105476379394531, 0, 0.00074291229248046875, 11.860061883926392, 999.00920622996034, 998.64300111180364, 0.36620511815606671, 14280, 14313, 50.0644, 4.23825, 11.7263, 2.99643, 19.6818, 0.00332499, 11.3461, 0.0721264, 
1e-6,2,7000,3.90249e+06,1,2,34, 91.9874, 10.7914, 71.6116, 0, 0, 3854, 3855, 13.350764989852905, 0.00026011466979980469, 0.00077605247497558594, 0.00020384788513183594, 0.00023794174194335938, 9.5367431640625e-07, 0.00072193145751953125, 13.348564147949219, 999.06429081720955, 998.71520575022555, 0.34908506698376607, 18134, 18168, 63.4151, 5.35936, 14.8168, 3.78277, 25.0445, 0.00420427, 14.3306, 0.0769384, 
1e-6,2,8000,3.89515e+06,1,2,35, 104.704, 11.0363, 83.882, 0, 0, 3441, 3442, 12.096479892730713, 0.00026106834411621094, 0.0007610321044921875, 0.00020694732666015625, 0.00023818016052246094, 0, 0.00072383880615234375, 12.09428882598877, 999.10993679222065, 998.7747647999538, 0.33517199226629429, 21575, 21610, 75.5116, 6.39659, 17.6028, 4.49728, 29.8661, 0.00499964, 17.0626, 0.081207, 
1e-6,2,9000,3.89074e+06,1,2,36, 118.01, 11.3064, 96.6499, 0, 0, 3619, 3620, 12.534776926040649, 0.00026106834411621094, 0.00075697898864746094, 0.00019097328186035156, 0.00023818016052246094, 0, 0.00072193145751953125, 12.532607793807983, 999.14865972574091, 998.82531623852083, 0.32334348721971296, 25194, 25230, 88.0464, 7.44348, 20.494, 5.23652, 34.8985, 0.00577688, 19.8824, 0.0857043, 
1e-6,2,10000,3.88773e+06,1,2,37, 131.37, 11.6081, 109.417, 0, 0, 3479, 3480, 12.147118091583252, 0.00026297569274902344, 0.0019409656524658203, 0.00018382072448730469, 0.0002498626708984375, 0, 0.0031361579895019531, 12.141344308853149, 999.18213694563667, 998.86892122450104, 0.31321572113503049, 28673, 28710, 100.194, 8.46503, 23.3067, 5.95702, 39.7569, 0.00658894, 22.6111, 0.090116, 
1e-6,2,20000,3.90268e+06,1,2,38, 166.203, 11.8262, 143.753, 0, 0, 9769, 9770, 34.108022928237915, 0.00027108192443847656, 0.00077390670776367188, 0.00019502639770507812, 0.00023818016052246094, 0, 0.00072693824768066406, 34.105817794799805, 999.37781517479959, 999.12308970995923, 0.25472546483987679, 38442, 38480, 134.302, 11.3269, 31.1731, 7.95926, 53.4196, 0.00877404, 30.3144, 0.0996161, 
1e-6,2,30000,3.93546e+06,1,2,39, 200.377, 12.1544, 176.584, 0, 0, 9409, 9410, 32.649344921112061, 0.00033402442932128906, 0.00077009201049804688, 0.00018906593322753906, 0.00023484230041503906, 0, 0.00074005126953125, 32.647076845169067, 999.47473222342501, 999.2480762608584, 0.22665596256662718, 47851, 47890, 166.951, 14.093, 38.7084, 9.86753, 66.4684, 0.010834, 37.694, 0.10881, 
1e-6,2,40000,3.96592e+06,1,2,40, 245.594, 12.4739, 221.072, 0, 0, 12803, 12804, 44.248995065689087, 0.00026488304138183594, 0.00075078010559082031, 0.00018811225891113281, 0.00023508071899414062, 9.5367431640625e-07, 0.00072002410888671875, 44.246835231781006, 999.5367419710069, 999.32797821776114, 0.20876375324521973, 60654, 60694, 211.2, 17.8301, 48.9288, 12.4521, 84.1807, 0.0137656, 47.6737, 0.120784, 
1e-6,2,50000,3.99285e+06,1,2,41, 274.497, 12.7031, 249.253, 0, 0, 8093, 8094, 27.922410011291504, 0.00025987625122070312, 0.00075793266296386719, 0.00019001960754394531, 0.00023603439331054688, 0, 0.00071215629577636719, 27.920253992080688, 999.58190406726544, 999.38356097054304, 0.19834309672251982, 68747, 68788, 239.122, 20.2011, 55.403, 14.1049, 95.3155, 0.0157061, 53.9529, 0.129261, 
1e-6,2,60000,4.02026e+06,1,2,42, 307.063, 13.0195, 281.235, 0, 0, 9244, 9245, 31.762616157531738, 0.00026011466979980469, 0.00076985359191894531, 0.00018215179443359375, 0.00022792816162109375, 0, 0.0007190704345703125, 31.760457038879395, 999.61662658884018, 999.4274678265499, 0.18915876228957582, 77991, 78033, 270.885, 22.8972, 62.8789, 15.9221, 107.845, 0.0178163, 61.1857, 0.138175, 
1e-6,2,70000,4.0451e+06,1,2,43, 342.835, 13.2507, 316.516, 0, 0, 10099, 10100, 34.983389139175415, 0.00026106834411621094, 0.00079298019409179688, 0.00020003318786621094, 0.00022792816162109375, 0, 0.00079417228698730469, 34.981112957000732, 999.644535254164, 999.46301725023568, 0.18151800392792228, 88090, 88133, 305.868, 25.8562, 71.2123, 17.9131, 121.584, 0.0201337, 69.1348, 0.147834, 
1e-6,2,80000,4.06783e+06,1,2,44, 376.145, 13.4722, 349.176, 0, 0, 9404, 9405, 32.38356614112854, 0.00026488304138183594, 0.00077891349792480469, 0.00018405914306640625, 0.00022816658020019531, 0, 0.00071883201599121094, 32.381391286849976, 999.66803145430572, 999.49223991691065, 0.17579153739466863, 97494, 97538, 338.252, 28.5935, 78.9577, 19.7626, 134.317, 0.0223355, 76.4418, 0.156957, 
1e-6,2,90000,4.08754e+06,1,2,45, 410.354, 13.6865, 382.868, 0, 0, 9673, 9674, 33.490448951721191, 0.00026488304138183594, 0.00077509880065917969, 0.00018191337585449219, 0.00022792816162109375, 0, 0.00072693824768066406, 33.488272190093994, 999.68801361807027, 999.51742250322877, 0.17059111484177325, 107167, 107212, 371.742, 31.4264, 86.942, 21.6797, 147.496, 0.0245838, 84.0077, 0.166186, 
1e-6,2,100000,4.1081e+06,1,2,46, 448.021, 13.9642, 419.958, 0, 0, 10681, 10682, 36.805391073226929, 0.00026011466979980469, 0.00080084800720214844, 0.00018310546875, 0.0002269744873046875, 0, 0.00077509880065917969, 36.803144931793213, 999.70508985637855, 999.5394461717467, 0.16564368463201076, 117848, 117894, 408.548, 34.5174, 95.7115, 23.7903, 161.975, 0.0268764, 92.3503, 0.175931, 
1e-6,2,200000,4.21931e+06,1,2,47, 498.162, 15.0992, 468.66, 0, 0, 13999, 14000, 48.502687931060791, 0.00026392936706542969, 0.00077414512634277344, 0.00018286705017089844, 0.0002269744873046875, 0, 0.00073194503784179688, 48.500508069992065, 999.80956229187234, 999.65813018210815, 0.15143210976440694, 131847, 131894, 457.05, 38.6211, 107.253, 26.5535, 181.022, 0.0300851, 103.382, 0.188265, 
1e-6,2,300000,4.28074e+06,1,2,48, 545.001, 15.3675, 514.97, 0, 0, 13187, 13188, 45.395024061203003, 0.00026202201843261719, 0.00077295303344726562, 0.00018095970153808594, 0.0002288818359375, 0, 0.00072503089904785156, 45.3928542137146, 999.86409842982869, 999.71674685478251, 0.14735157504699903, 145034, 145082, 502.445, 42.447, 118.098, 29.1477, 198.853, 0.0330517, 113.666, 0.200002, 
1e-6,2,400000,4.31975e+06,1,2,49, 589.078, 15.5883, 558.517, 0, 0, 12446, 12447, 43.349261045455933, 0.00031900405883789062, 0.00078105926513671875, 0.00018191337585449219, 0.00022816658020019531, 0, 0.00073385238647460938, 43.347017049789429, 999.90154084216692, 999.75267771498557, 0.14886312718158906, 157480, 157529, 545.795, 46.0978, 128.434, 31.6255, 215.868, 0.035867, 123.522, 0.211456, 
1e-6,2,500000,4.34733e+06,1,2,50, 633.854, 15.82, 602.771, 0, 0, 12607, 12608, 44.024487018585205, 0.00034689903259277344, 0.00077414512634277344, 0.00021004676818847656, 0.00022792816162109375, 0, 0.0010631084442138672, 44.021864891052246, 999.92913805222361, 999.77848217105395, 0.15065588117035239, 170087, 170137, 589.819, 49.8173, 138.926, 34.1277, 233.085, 0.0386355, 133.601, 0.222858, 
1e-6,2,600000,4.36713e+06,1,2,51, 679.603, 16.0579, 648.022, 0, 0, 12892, 12893, 45.036342144012451, 0.00029706954956054688, 0.00078511238098144531, 0.00018191337585449219, 0.00022816658020019531, 0, 0.00080704689025878906, 45.034042835235596, 999.95118577221001, 999.79812731919844, 0.15305845301071364, 182979, 183030, 634.856, 53.6354, 149.674, 36.6942, 250.704, 0.0415437, 143.873, 0.234521, 
1e-6,2,700000,4.37954e+06,1,2,52, 725.29, 16.2656, 693.188, 0, 0, 12963, 12964, 44.887527942657471, 0.00032210350036621094, 0.000888824462890625, 0.00023698806762695312, 0.0002269744873046875, 0, 0.00070595741271972656, 44.885147094726562, 999.9706766979059, 999.81297862431927, 0.1576980735875565, 195942, 195994, 679.743, 57.4604, 160.292, 39.2676, 268.335, 0.04441, 154.098, 0.246135, 
1e-6,2,800000,4.38339e+06,1,2,53, 768.299, 16.474, 735.69, 0, 0, 12115, 12116, 42.095683097839355, 0.00026416778564453125, 0.00078701972961425781, 0.00018095970153808594, 0.00022792816162109375, 0, 0.00073099136352539062, 42.093492031097412, 999.99017057070398, 999.82361880246174, 0.16655176824244994, 208057, 208110, 721.839, 61.0212, 170.305, 41.6641, 284.844, 0.0472307, 163.7, 0.257148, 
1e-6,2,900000,4.38611e+06,1,2,54, 810.996, 16.6808, 777.923, 0, 0, 12011, 12012, 41.755167007446289, 0.00027894973754882812, 0.00077795982360839844, 0.0002040863037109375, 0.0002269744873046875, 0, 0.00076794624328613281, 41.75291109085083, 1000.0068739561705, 999.83290663092509, 0.17396732524468117, 220068, 220122, 763.594, 64.5516, 180.196, 44.0248, 301.226, 0.0499403, 173.277, 0.268206, 
1e-6,2,1e+06,4.39222e+06,1,2,55, 855.564, 17.4795, 821.135, 0, 0, 12463, 12464, 42.913058042526245, 0.00026488304138183594, 0.00076985359191894531, 0.00018095970153808594, 0.0002269744873046875, 0, 0.0018060207366943359, 42.909809350967407, 1000.0196008435286, 999.84192482797857, 0.17767601555086948, 232531, 232586, 806.507, 68.18, 190.333, 46.4685, 318.159, 0.0526545, 183.034, 0.279869, 
1e-6,2,2e+06,4.42382e+06,1,2,56, 895.495, 17.6998, 860.54, 0, 0, 11378, 11379, 39.14124608039856, 0.00046396255493164062, 0.00087618827819824219, 0.0001888275146484375, 0.00022792816162109375, 0, 0.0012209415435791016, 39.138268232345581, 1000.1514750593774, 999.87336468412138, 0.27811037525679305, 243909, 243965, 845.648, 71.4963, 199.589, 48.7087, 333.567, 0.0552568, 191.942, 0.29025, 
1e-6,2,3e+06,4.42907e+06,1,2,57, 932.407, 17.9679, 896.911, 0, 0, 10429, 10430, 36.131438970565796, 0.00026202201843261719, 0.00082707405090332031, 0.00020885467529296875, 0.00025081634521484375, 0, 0.00072312355041503906, 36.129167079925537, 1000.2696422751038, 999.88503269570833, 0.38460957939482521, 254338, 254395, 881.78, 74.5756, 208.112, 50.7748, 347.757, 0.0576117, 200.203, 0.299755, 
1e-6,2,4e+06,4.4314e+06,1,2,58, 964.333, 18.202, 928.348, 0, 0, 9041, 9042, 31.177372932434082, 0.00026106834411621094, 0.00076699256896972656, 0.00018191337585449219, 0.0002269744873046875, 0, 0.00073409080505371094, 31.175201892852783, 1000.3776290915393, 999.89171929899373, 0.48590979254569544, 263379, 263437, 912.957, 77.2121, 215.462, 52.5529, 360.037, 0.0596263, 207.325, 0.308411, 
1e-6,2,5e+06,4.43265e+06,1,2,59, 995.604, 18.4781, 959.06, 0, 0, 8836, 8837, 30.567087888717651, 0.00026011466979980469, 0.00078582763671875, 0.00018095970153808594, 0.0002269744873046875, 0, 0.00081992149353027344, 30.56481409072876, 1000.4925184727833, 999.89494977981485, 0.59756869296830617, 272215, 272274, 943.524, 79.8155, 222.662, 54.3119, 372.08, 0.0616109, 214.276, 0.317016, 
1e-6,2,6e+06,4.42971e+06,1,2,60, 1021.58, 19.0142, 984.185, 0, 0, 7264, 7265, 25.123539924621582, 0.00031614303588867188, 0.0007648468017578125, 0.00018215179443359375, 0.0002269744873046875, 0, 0.00075292587280273438, 25.121296882629395, 1000.6112421408976, 999.8967545783994, 0.71448756249773104, 279479, 279539, 968.648, 81.9681, 228.599, 55.761, 381.929, 0.06321, 220.003, 0.324316, 
1e-6,2,7e+06,4.42704e+06,1,2,61, 1047.43, 19.2771, 1009.49, 0, 0, 7268, 7269, 25.133317947387695, 0.00026011466979980469, 0.00077080726623535156, 0.0001811981201171875, 0.0002269744873046875, 9.5367431640625e-07, 0.00072908401489257812, 25.131148815155029, 1000.7119826486653, 999.89928699315624, 0.81269565550996015, 286747, 286808, 993.781, 84.1066, 234.518, 57.2022, 391.823, 0.0648668, 225.734, 0.331675, 
1e-6,2,8e+06,4.42268e+06,1,2,62, 1072.6, 23.1703, 1030.43, 0, 0, 5943, 5944, 20.674350023269653, 0.00026106834411621094, 0.00076699256896972656, 0.0001850128173828125, 0.0002269744873046875, 0, 0.00075197219848632812, 20.672158002853394, 1000.8380050863003, 999.89951085443442, 0.93849423186629877, 292690, 292752, 1014.46, 85.8639, 239.395, 58.3839, 399.94, 0.0661669, 230.468, 0.337851, 
1e-6,2,9e+06,4.42696e+06,1,2,63, 1094.16, 23.3786, 1051.47, 0, 0, 6042, 6043, 20.733880996704102, 0.00034999847412109375, 0.00090479850769042969, 0.00019621849060058594, 0.00025081634521484375, 0, 0.00076413154602050781, 20.731415033340454, 1000.8778075703636, 999.90592821910559, 0.97187935125826685, 298732, 298795, 1035.19, 87.6251, 244.296, 59.5766, 408.122, 0.067507, 235.157, 0.344316, 
1e-6,2,1e+07,4.42552e+06,1,2,64, 1105.49, 23.7541, 1062.15, 0, 0, 3251, 3252, 10.539901971817017, 0.00026202201843261719, 0.00077104568481445312, 0.00027799606323242188, 0.0002269744873046875, 0, 0.00071001052856445312, 10.537653923034668, 1001.0314657596317, 999.90472776160436, 1.1267379980268668, 301983, 302047, 1045.73, 88.5675, 246.271, 60.3888, 412.463, 0.0682421, 237.622, 0.348577, 
1e-6,2,2e+07,4.43035e+06,1,2,65, 1123.11, 24.0304, 1079.24, 0, 0, 4960, 4961, 16.964908123016357, 0.00025916099548339844, 0.00074505805969238281, 0.00018095970153808594, 0.0002269744873046875, 0, 0.00069499015808105469, 16.962800979614258, 1002.0867483446611, 999.90971241787008, 2.1770359267905941, 306943, 307008, 1062.69, 90.0392, 250.247, 61.3792, 419.155, 0.0693638, 241.45, 0.354042, 
1e-6,2,3e+07,4.43011e+06,1,2,66, 1142.41, 24.2746, 1098.01, 0, 0, 5420, 5421, 18.392095804214478, 0.00031185150146484375, 0.00074505805969238281, 0.00018095970153808594, 0.0002269744873046875, 0, 0.00076389312744140625, 18.389867067337036, 1003.2119938223618, 999.91002147926531, 3.3019723430963879, 312363, 312429, 1081.09, 91.6193, 254.552, 62.4461, 426.44, 0.0705898, 245.598, 0.359829, 
1e-6,2,4e+07,4.43016e+06,1,2,67, 1157.99, 24.591, 1113, 0, 0, 4324, 4325, 14.800187110900879, 0.00026702880859375, 0.00076603889465332031, 0.0001850128173828125, 0.00022816658020019531, 0, 0.00072503089904785156, 14.798015832901001, 1004.2996834262259, 999.91131008518539, 4.3883733410399106, 316687, 316754, 1095.89, 92.8747, 258.045, 63.2973, 432.277, 0.0715823, 248.956, 0.364803, 
1e-6,2,5e+07,4.43035e+06,1,2,68, 1165.94, 24.8301, 1119.62, 0, 0, 1815, 1816, 6.335658073425293, 0.00033712387084960938, 0.00077104568481445312, 0.00018215179443359375, 0.0002269744873046875, 0, 0.00077795982360839844, 6.3333628177642822, 1005.444317223149, 999.91105111241279, 5.5332661107364949, 318502, 318570, 1102.22, 93.4191, 259.547, 63.6697, 434.748, 0.0720096, 250.398, 0.367893, 
1e-6,2,6e+07,4.43202e+06,1,2,69, 1182.47, 25.0447, 1135.55, 0, 0, 4516, 4517, 15.542601823806763, 0.00026082992553710938, 0.00087189674377441406, 0.00022602081298828125, 0.0002269744873046875, 0, 0.00084686279296875, 15.540169239044189, 1006.3318767284809, 999.91342206667332, 6.4184546618073401, 323018, 323087, 1117.76, 94.7373, 263.213, 64.5578, 440.868, 0.0730469, 253.942, 0.373161, 
1e-6,2,7e+07,4.43046e+06,1,2,70, 1198.72, 25.259, 1151.32, 0, 0, 4495, 4496, 15.476474046707153, 0.00027108192443847656, 0.00077199935913085938, 0.00018215179443359375, 0.00022602081298828125, 1.1920928955078125e-06, 0.00072383880615234375, 15.474297761917114, 1007.4330615965724, 999.91300205408629, 7.5200595424862016, 327513, 327583, 1133.24, 96.054, 266.873, 65.4431, 446.968, 0.0740657, 257.451, 0.378273, 
1e-6,2,8e+07,4.42868e+06,1,2,71, 1214.73, 25.4834, 1166.79, 0, 0, 4398, 4399, 15.234579086303711, 0.00026392936706542969, 0.00078892707824707031, 0.00018095970153808594, 0.0002269744873046875, 0, 0.00072002410888671875, 15.232398271560669, 1008.5082005278362, 999.91308723990801, 8.5951132879271928, 331911, 331982, 1148.48, 97.3671, 270.48, 66.3202, 452.941, 0.075031, 260.908, 0.383329, 
1e-6,2,9e+07,4.43208e+06,1,2,72, 1227.16, 25.8851, 1178.5, 0, 0, 3326, 3327, 11.447711229324341, 0.00025796890258789062, 0.00084090232849121094, 0.00018191337585449219, 0.00022602081298828125, 0, 0.00077700614929199219, 11.445427417755127, 1008.8186747450814, 999.91881417248601, 8.8998605725945659, 335237, 335309, 1159.92, 98.3338, 273.189, 66.979, 457.446, 0.0758133, 263.512, 0.387583, 
1e-6,2,1e+08,4.42505e+06,1,2,73, 1238.3, 26.1086, 1189.15, 0, 0, 3013, 3014, 10.489542961120605, 0.00026011466979980469, 0.00079393386840820312, 0.00024294853210449219, 0.0002269744873046875, 0, 0.00073504447937011719, 10.487283945083618, 1010.7494761635362, 999.91310094016808, 10.836375223367428, 338250, 338323, 1170.41, 99.2278, 275.667, 67.5852, 461.546, 0.0764952, 265.918, 0.391516, 
