?spgqp_err,K,epssqr,abserr,energy,Theta0,Theta1,it all, t all, t gamma update, t gamma solve, t theta update, t theta solve, SPGQP it, SPGQP hessmult, SPGQP t all, SPGQP t project, SPGQP t matmult, SPGQP t dot, SPGQP t update, SPGQP t stepsize, SPGQP t fs, SPGQP t other, SPGQP fx, SPGQP fx_linear, SPGQP fx_quadratic, SPGQP_sum it, SPGQP_sum hessmult, SPGQP_sum t all, SPGQP_sum t project, SPGQP_sum t matmult, SPGQP_sum t dot, SPGQP_sum t update, SPGQP_sum t stepsize, SPGQP_sum t fs, SPGQP_sum t other, 
1e-6,2,1,4.09758e+06,1.42568e+06,1,2,1, 28.1728, 0.00216889, 11.1586, 0, 0, 54, 55, 0.61622810363769531, 0.0033719539642333984, 0.0019330978393554688, 0.00030088424682617188, 0.00018596649169921875, 0, 0.0029718875885009766, 0.60746431350708008, 8.6007581639639312, 8.1832573285186712, 0.41750083544526118, 54, 55, 0.616228, 0.201833, 0.194403, 0.0178154, 0.045095, 2.7895e-05, 0.0853741, 0.0716798, 
1e-6,2,2,4.09758e+06,1.45838e+06,1,2,2, 56.2477, 0.00264883, 17.3022, 0, 0, 1, 2, 0.016976833343505859, 0.0032970905303955078, 0.0040318965911865234, 0.00030207633972167969, 0.00018787384033203125, 0, 0.0018939971923828125, 0.0072638988494873047, 9.0182585722400344, 8.1832578829615628, 0.83500068927847182, 55, 57, 0.633205, 0.205769, 0.202202, 0.0181174, 0.0462928, 2.7895e-05, 0.0888162, 0.0719798, 
1e-6,2,3,3.74865e+06,1.5281e+06,1,2,3, 85.5936, 0.00313878, 29.4463, 0, 0, 100, 101, 0.76659584045410156, 0.0031771659851074219, 0.0018839836120605469, 0.00022196769714355469, 0.00018286705017089844, 0, 0.00098109245300292969, 0.76014876365661621, 9.0648562677536262, 8.6710817103680462, 0.39377455738557876, 155, 158, 1.3998, 0.537097, 0.417134, 0.0449386, 0.12686, 7.03335e-05, 0.201209, 0.0724914, 
1e-6,2,4,3.74865e+06,1.40053e+06,1,2,4, 112.953, 0.00360894, 39.0448, 0, 0, 1, 2, 0.01146697998046875, 0.0030729770660400391, 0.00185394287109375, 0.00025987625122070312, 0.00018405914306640625, 0, 0.00090384483337402344, 0.0051922798156738281, 9.1961143251837676, 8.6710821199929278, 0.52503220519083826, 156, 160, 1.41127, 0.540776, 0.421162, 0.0451984, 0.128231, 7.03335e-05, 0.203081, 0.0727494, 
1e-6,2,5,3.52942e+06,1.55995e+06,1,2,5, 141.077, 0.00408983, 46.4508, 0, 0, 153, 154, 1.1726257801055908, 0.0032038688659667969, 0.0022699832916259766, 0.00035405158996582031, 0.00018811225891113281, 0, 0.0012478828430175781, 1.1653618812561035, 9.2535721700152429, 8.9095247186847555, 0.34404745133048775, 309, 314, 2.58389, 1.03622, 0.758792, 0.0857797, 0.255183, 0.000149012, 0.374438, 0.0733306, 
1e-6,2,6,3.52942e+06,1.36092e+06,1,2,6, 167.297, 0.00456166, 56.6873, 0, 0, 1, 2, 0.014637947082519531, 0.0029969215393066406, 0.0028760433197021484, 0.00026011466979980469, 0.00018310546875, 0, 0.0015878677368164062, 0.0067338943481445312, 9.3223816015862475, 8.909525021407358, 0.4128565801788866, 310, 316, 2.59853, 1.03984, 0.764445, 0.0860398, 0.256979, 0.000149012, 0.377458, 0.0736198, 
1e-6,2,7,3.52942e+06,1.36815e+06,1,2,7, 193.843, 0.00503659, 67.5821, 0, 0, 1, 2, 0.015375137329101562, 0.0041670799255371094, 0.0023820400238037109, 0.00029206275939941406, 0.00018286705017089844, 0, 0.0010411739349365234, 0.0073099136352539062, 9.3911907859531354, 8.9095256691485805, 0.48166511680455493, 311, 318, 2.61391, 1.04488, 0.770115, 0.0863318, 0.258147, 0.000149012, 0.380269, 0.0740178, 
1e-6,2,8,3.2963e+06,1.58848e+06,1,2,8, 222.894, 0.00551653, 78.3383, 0, 0, 231, 232, 1.7199130058288574, 0.0031440258026123047, 0.0017528533935546875, 0.00022411346435546875, 0.00018405914306640625, 0, 0.00093603134155273438, 1.7136719226837158, 9.4039721582886102, 9.1079607068752146, 0.29601145141339502, 542, 550, 4.33382, 1.78604, 1.25919, 0.147599, 0.438071, 0.000248194, 0.627815, 0.0748599, 
1e-6,2,9,3.2963e+06,1.44894e+06,1,2,9, 251.555, 0.00600076, 91.675, 0, 0, 1, 2, 0.012217998504638672, 0.0029790401458740234, 0.0019268989562988281, 0.00023794174194335938, 0.00018310546875, 0, 0.0010008811950683594, 0.0058901309967041016, 9.4409735626793481, 9.1079609266878041, 0.33301263599154357, 543, 552, 4.34604, 1.78965, 1.26409, 0.147837, 0.439277, 0.000248194, 0.629777, 0.0751653, 
1e-6,2,10,3.2963e+06,1.50975e+06,1,2,10, 280.365, 0.00648785, 98.2845, 0, 0, 1, 2, 0.010341167449951172, 0.0030930042266845703, 0.0019330978393554688, 0.00023889541625976562, 0.00018596649169921875, 0, 0.00092792510986328125, 0.0039622783660888672, 9.4779748556708689, 9.1079613838038505, 0.37001347186701805, 544, 554, 4.35638, 1.79333, 1.26798, 0.148076, 0.44002, 0.000249147, 0.631336, 0.0753891, 
1e-6,2,20,2.76082e+06,1.83798e+06,1,2,11, 311.773, 0.00705194, 107.145, 0, 0, 540, 541, 4.2220149040222168, 0.0046651363372802734, 0.0023019313812255859, 0.000308990478515625, 0.00018000602722167969, 9.5367431640625e-07, 0.0011389255523681641, 4.2134189605712891, 9.6345474191118186, 9.4249492128334182, 0.20959820627840003, 1084, 1095, 8.57839, 3.71473, 2.41004, 0.291282, 0.868521, 0.000480413, 1.2165, 0.0768402, 
1e-6,2,30,2.49312e+06,2.35067e+06,1,2,12, 351.199, 0.00755596, 126.515, 0, 0, 821, 822, 5.7642509937286377, 0.0030620098114013672, 0.0017378330230712891, 0.00023603439331054688, 0.0001850128173828125, 9.5367431640625e-07, 0.00089192390441894531, 5.7581372261047363, 9.7126577879388307, 9.5364293796236588, 0.17622840831517234, 1905, 1917, 14.3426, 6.2653, 4.01476, 0.498963, 1.44393, 0.000883818, 2.03962, 0.0791874, 
1e-6,2,40,2.49312e+06,1.66316e+06,1,2,13, 384.911, 0.00806785, 141.567, 0, 0, 1, 2, 0.011348962783813477, 0.0030601024627685547, 0.0018870830535888672, 0.000247955322265625, 0.00018191337585449219, 0, 0.00097608566284179688, 0.0049958229064941406, 9.7714003275886121, 9.5364301852656173, 0.23497014232299682, 1906, 1919, 14.354, 6.26903, 4.01956, 0.499211, 1.44458, 0.00088501, 2.04128, 0.079442, 
1e-6,2,50,2.13657e+06,2.32743e+06,1,2,14, 421.799, 0.00855279, 162.29, 0, 0, 1103, 1104, 8.2417140007019043, 0.0030958652496337891, 0.001895904541015625, 0.00022387504577636719, 0.00018596649169921875, 0, 0.00090003013610839844, 8.2354123592376709, 9.7929372495984666, 9.6539516169425994, 0.13898563265586697, 3009, 3023, 22.5957, 9.70968, 6.4144, 0.797273, 2.3292, 0.00139737, 3.26133, 0.0824289, 
1e-6,2,60,2.13657e+06,1.60273e+06,1,2,15, 452.167, 0.00904489, 177.604, 0, 0, 1, 2, 0.014920949935913086, 0.0030419826507568359, 0.0029981136322021484, 0.00033998489379882812, 0.00018811225891113281, 9.5367431640625e-07, 0.00177001953125, 0.0065817832946777344, 9.8207342772332655, 9.6539521171178784, 0.16678216011538868, 3010, 3025, 22.6106, 9.71354, 6.4205, 0.797613, 2.33049, 0.00139928, 3.26435, 0.0827289, 
1e-6,2,70,2.13657e+06,1.68052e+06,1,2,16, 484.296, 0.0102429, 184.531, 0, 0, 1, 2, 0.014596939086914062, 0.0031411647796630859, 0.0018751621246337891, 0.0013499259948730469, 0.00016522407531738281, 0, 0.00099682807922363281, 0.007068634033203125, 9.8485309017522553, 9.6539531427771053, 0.19457775897514795, 3011, 3027, 22.6252, 9.71813, 6.42452, 0.798963, 2.33122, 0.00139928, 3.26718, 0.083813, 
1e-6,2,80,1.80104e+06,2.93707e+06,1,2,17, 527.739, 0.0107338, 212.042, 0, 0, 1881, 1882, 14.493120908737183, 0.0030438899993896484, 0.0033888816833496094, 0.00056409835815429688, 0.00018405914306640625, 0, 0.0021939277648925781, 14.48374605178833, 9.8511453635347479, 9.741644913119659, 0.10950045041508874, 4892, 4909, 37.1183, 15.8432, 10.5837, 1.31392, 3.91916, 0.00228906, 5.36733, 0.0887737, 
1e-6,2,90,1.80104e+06,1.701e+06,1,2,18, 559.82, 0.0112309, 220.703, 0, 0, 1, 2, 0.014026880264282227, 0.0028748512268066406, 0.0029730796813964844, 0.00027513504028320312, 0.00018596649169921875, 0, 0.0011980533599853516, 0.0065197944641113281, 9.8648328800401721, 9.7416452336347596, 0.12318764640541216, 4893, 4911, 37.1324, 15.8469, 10.5896, 1.3142, 3.92079, 0.00229001, 5.36959, 0.0890696, 
1e-6,2,100,1.80104e+06,1.57893e+06,1,2,19, 591.498, 0.0117159, 235.301, 0, 0, 1, 2, 0.01129913330078125, 0.0029890537261962891, 0.0022449493408203125, 0.0002880096435546875, 0.0001850128173828125, 0, 0.0010890960693359375, 0.0045030117034912109, 9.8785202354071977, 9.741645885184024, 0.1368743502231764, 4894, 4913, 37.1437, 15.8505, 10.5941, 1.31449, 3.92151, 0.00229001, 5.37139, 0.0893605, 
1e-6,2,200,1.18323e+06,4.82472e+06,1,2,20, 655.371, 0.0122049, 282.572, 0, 0, 4078, 4079, 31.25606107711792, 0.0029900074005126953, 0.0019161701202392578, 0.00022292137145996094, 0.00018405914306640625, 0, 0.00089907646179199219, 31.24984884262085, 9.9298481052336172, 9.8646929589491243, 0.065155146284491455, 8972, 8992, 68.3997, 28.2423, 20.0448, 2.47342, 7.41864, 0.00418234, 10.1172, 0.0992436, 
1e-6,2,300,952377,5.13951e+06,1,2,21, 719.648, 0.0126939, 329.75, 0, 0, 4915, 4916, 35.97657299041748, 0.0030062198638916016, 0.0018630027770996094, 0.00023913383483886719, 0.00018310546875, 0, 0.00090098381042480469, 35.970380544662476, 9.9532936674833739, 9.9021678966311359, 0.051125770852237448, 13887, 13908, 104.376, 43.5192, 30.3789, 3.75662, 11.2106, 0.00642157, 15.3934, 0.111159, 
1e-6,2,400,952376,1.46109e+06,1,2,22, 747.692, 0.0131841, 342.835, 0, 0, 1, 2, 0.011026859283447266, 0.0029969215393066406, 0.0018620491027832031, 0.00023484230041503906, 0.00019502639770507812, 0, 0.00097584724426269531, 0.0047621726989746094, 9.9703352883515795, 9.902168816695708, 0.068166471655871197, 13888, 13910, 104.387, 43.5229, 30.3833, 3.75685, 11.2114, 0.00642157, 15.3951, 0.111382, 
1e-6,2,500,718102,5.43684e+06,1,2,23, 814.719, 0.0136781, 394.632, 0, 0, 5677, 5678, 41.528077840805054, 0.0029690265655517578, 0.0017681121826171875, 0.0002288818359375, 0.00018405914306640625, 0, 0.00089788436889648438, 41.522029876708984, 9.9758658730697345, 9.9376419927331234, 0.038223880336609194, 19565, 19588, 145.915, 60.708, 42.5425, 5.25573, 15.6725, 0.00902295, 21.6019, 0.12575, 
1e-6,2,600,718102,1.3471e+06,1,2,24, 841.914, 0.014195, 404.94, 0, 0, 1, 2, 0.010768890380859375, 0.0029239654541015625, 0.0020160675048828125, 0.000270843505859375, 0.00018596649169921875, 9.5367431640625e-07, 0.0011019706726074219, 0.0042691230773925781, 9.9835105399188073, 9.9376425433481863, 0.045867996570620614, 19566, 19590, 145.926, 60.7117, 42.5467, 5.256, 15.6732, 0.0090239, 21.6036, 0.125978, 
1e-6,2,700,718102,1.44093e+06,1,2,25, 870.206, 0.0147519, 419.187, 0, 0, 1, 2, 0.010201930999755859, 0.0029668807983398438, 0.0019001960754394531, 0.00022983551025390625, 0.00018596649169921875, 0, 0.00092792510986328125, 0.0039911270141601562, 9.9911547642948761, 9.9376436640748835, 0.053511100219992287, 19567, 19592, 145.936, 60.7153, 42.5505, 5.25623, 15.6739, 0.0090239, 21.6052, 0.126146, 
1e-6,2,800,561626,6.8239e+06,1,2,26, 950.48, 0.0152369, 480.873, 0, 0, 7468, 7469, 55.635524988174438, 0.0029809474945068359, 0.0017328262329101562, 0.00022411346435546875, 0.00018215179443359375, 0, 0.00089788436889648438, 55.629507064819336, 9.991858453909261, 9.96121041505954, 0.030648038849722236, 27035, 27061, 201.572, 84.8629, 58.2901, 7.21445, 21.478, 0.0125294, 29.5694, 0.14445, 
1e-6,2,900,561626,1.4688e+06,1,2,27, 977.716, 0.0157146, 491.573, 0, 0, 1, 2, 0.010673046112060547, 0.0029699802398681641, 0.0020360946655273438, 0.00024294853210449219, 0.00018405914306640625, 0, 0.00092101097106933594, 0.0043189525604248047, 9.9956894159453658, 9.9612107594942465, 0.034478656451119041, 27036, 27063, 201.583, 84.8666, 58.2945, 7.2147, 21.4787, 0.0125294, 29.5709, 0.144696, 
1e-6,2,1000,561626,1.54457e+06,1,2,28, 1006.79, 0.0161927, 502.135, 0, 0, 1, 2, 0.012360095977783203, 0.0029339790344238281, 0.0021290779113769531, 0.000244140625, 0.00018596649169921875, 0, 0.0010561943054199219, 0.0058107376098632812, 9.9995202052257071, 9.9612114568090284, 0.038308748416678078, 27037, 27065, 201.595, 84.8703, 58.3001, 7.21494, 21.4794, 0.0125294, 29.5727, 0.144993, 
1e-6,2,2000,417457,8.02506e+06,1,2,29, 1102.2, 0.0166757, 578.309, 0, 0, 8901, 8902, 64.798901081085205, 0.0029981136322021484, 0.0021109580993652344, 0.00029301643371582031, 0.00018811225891113281, 0, 0.0013468265533447266, 64.791964054107666, 10.016859731103199, 9.9907071257166624, 0.026152605386537658, 35938, 35967, 266.394, 112.14, 77.0925, 9.53707, 28.3509, 0.0166552, 39.0903, 0.166866, 
1e-6,2,3000,402662,8.99941e+06,1,2,30, 1208.99, 0.0171685, 667.224, 0, 0, 10071, 10072, 75.299158096313477, 0.0030410289764404297, 0.0027031898498535156, 0.00032281875610351562, 0.00018286705017089844, 0, 0.00097513198852539062, 75.291933059692383, 10.027601550708852, 10.000082485423818, 0.027519065285033128, 46009, 46039, 341.693, 144.288, 98.6537, 12.1876, 36.303, 0.0213058, 50.0473, 0.192047, 
1e-6,2,4000,402662,1.53953e+06,1,2,31, 1238.05, 0.0176606, 679.505, 0, 0, 1, 2, 0.010949850082397461, 0.0029499530792236328, 0.0017921924591064453, 0.00024700164794921875, 0.00018715858459472656, 0, 0.0010068416595458984, 0.0047667026519775391, 10.036774254218848, 10.000083452085553, 0.03669080213329514, 46010, 46041, 341.704, 144.292, 98.6575, 12.1879, 36.3037, 0.0213058, 50.0495, 0.192358, 
1e-6,2,5000,420179,5.68614e+06,1,2,32, 1309.13, 0.0181446, 731.284, 0, 0, 5893, 5894, 43.177438020706177, 0.0029900074005126953, 0.0025179386138916016, 0.00035214424133300781, 0.0001850128173828125, 0, 0.0017099380493164062, 43.16968297958374, 10.042582896499821, 10.010511880348208, 0.032071016151612883, 51903, 51935, 384.881, 161.938, 111.402, 13.7508, 40.9758, 0.0238044, 56.584, 0.206525, 
1e-6,2,6000,420178,1.41048e+06,1,2,33, 1336.27, 0.0186596, 736.933, 0, 0, 1, 2, 0.01126408576965332, 0.0029458999633789062, 0.0022730827331542969, 0.00028491020202636719, 0.00018405914306640625, 0, 0.0014109611511230469, 0.0041651725769042969, 10.048996983810024, 10.010512464966343, 0.038484518843681717, 51904, 51937, 384.893, 161.942, 111.407, 13.751, 40.9765, 0.0238044, 56.5861, 0.206722, 
1e-6,2,7000,420178,1.41779e+06,1,2,34, 1362.46, 0.0192416, 747.471, 0, 0, 1, 2, 0.010832071304321289, 0.0029489994049072266, 0.0021729469299316406, 0.00025415420532226562, 0.0001850128173828125, 0, 0.00090813636779785156, 0.0043628215789794922, 10.055410605277299, 10.010513647855698, 0.044896957421600464, 51905, 51939, 384.903, 161.946, 111.411, 13.7513, 40.9774, 0.0238044, 56.5879, 0.206896, 
1e-6,2,8000,463693,6.14229e+06,1,2,35, 1436.4, 0.0197198, 808.333, 0, 0, 6582, 6583, 48.75531792640686, 0.0029921531677246094, 0.0044159889221191406, 0.00036501884460449219, 0.0001850128173828125, 0, 0.0060548782348632812, 48.741304874420166, 10.058863453995862, 10.02019691695117, 0.038666537044692986, 58487, 58522, 433.659, 182.121, 125.747, 15.4851, 46.226, 0.0267341, 63.8296, 0.222926, 
1e-6,2,9000,463693,1.35659e+06,1,2,36, 1462.55, 0.0201979, 819.809, 0, 0, 1, 2, 0.010621070861816406, 0.0030019283294677734, 0.0022630691528320312, 0.0002288818359375, 0.0001850128173828125, 0, 0.00091695785522460938, 0.0040252208709716797, 10.063696725012061, 10.020197287968408, 0.04349943704365504, 58488, 58524, 433.669, 182.125, 125.752, 15.4853, 46.2267, 0.0267341, 63.8312, 0.223118, 
1e-6,2,10000,463693,1.41778e+06,1,2,37, 1490.2, 0.020685, 828.109, 0, 0, 1, 2, 0.010885953903198242, 0.002925872802734375, 0.002017974853515625, 0.00023698806762695312, 0.0001850128173828125, 0, 0.00094509124755859375, 0.0045750141143798828, 10.06852981206395, 10.020198033988239, 0.048331778075711575, 58489, 58526, 433.68, 182.128, 125.756, 15.4855, 46.2274, 0.0267341, 63.8327, 0.223524, 
1e-6,2,20000,614139,8.89088e+06,1,2,38, 1595.39, 0.021167, 914.289, 0, 0, 9671, 9672, 71.911191940307617, 0.0029790401458740234, 0.0022199153900146484, 0.00027298927307128906, 0.000186920166015625, 9.5367431640625e-07, 0.0009670257568359375, 71.904565095901489, 10.102171944149237, 10.041681127414689, 0.060490816734548841, 68160, 68198, 505.592, 211.625, 146.993, 18.0634, 54.0666, 0.0314376, 74.564, 0.247621, 
1e-6,2,30000,712613,8.00206e+06,1,2,39, 1691.48, 0.0216539, 988.844, 0, 0, 8235, 8236, 64.037727832794189, 0.0029020309448242188, 0.0018861293792724609, 0.00022792816162109375, 0.0001850128173828125, 9.5367431640625e-07, 0.00088596343994140625, 64.031639814376831, 10.128177040820937, 10.053161584597241, 0.075015456223692212, 76395, 76434, 569.629, 237.34, 166.283, 20.4081, 61.1694, 0.0349336, 84.1262, 0.267876, 
1e-6,2,40000,712614,1.61766e+06,1,2,40, 1722.41, 0.022135, 997.885, 0, 0, 1, 2, 0.011411190032958984, 0.0029458999633789062, 0.0022490024566650391, 0.00023412704467773438, 0.00018405914306640625, 0, 0.00096487998962402344, 0.004833221435546875, 10.153181834055092, 10.053162676828508, 0.100019157226583, 76396, 76436, 569.641, 237.344, 166.287, 20.4084, 61.1701, 0.0349336, 84.1282, 0.268118, 
1e-6,2,50000,861182,9.93952e+06,1,2,41, 1839.92, 0.0226181, 1097.77, 0, 0, 10583, 10584, 83.710500001907349, 0.0029251575469970703, 0.0018138885498046875, 0.00025177001953125, 0.00019502639770507812, 0, 0.00089001655578613281, 83.704424142837524, 10.169624762666183, 10.06975005988442, 0.099874702781762276, 86979, 87020, 653.351, 269.228, 192.308, 23.5018, 70.8109, 0.0396874, 97.1697, 0.293398, 
1e-6,2,60000,861183,1.52467e+06,1,2,42, 1868.85, 0.0230982, 1110.72, 0, 0, 1, 2, 0.016802072525024414, 0.0029089450836181641, 0.0035619735717773438, 0.00040912628173828125, 0.00018715858459472656, 0, 0.0017790794372558594, 0.0079557895660400391, 10.189599564521785, 10.069750745683823, 0.11984881883796181, 86980, 87022, 653.368, 269.232, 192.315, 23.5022, 70.8125, 0.0396883, 97.1732, 0.293692, 
1e-6,2,70000,976695,8.45305e+06,1,2,43, 1968.08, 0.0235903, 1188.93, 0, 0, 9032, 9033, 70.849631786346436, 0.0029189586639404297, 0.0017609596252441406, 0.00023102760314941406, 0.00018405914306640625, 0, 0.00095891952514648438, 70.843577861785889, 10.203564246751135, 10.082145488244178, 0.12141875850695694, 96012, 96055, 724.218, 296.617, 214.138, 26.0665, 78.9255, 0.0436461, 108.111, 0.315573, 
1e-6,2,80000,976695,1.57394e+06,1,2,44, 1997.1, 0.0240691, 1196.4, 0, 0, 1, 2, 0.010546207427978516, 0.0028970241546630859, 0.001873016357421875, 0.00026702880859375, 0.00018787384033203125, 0, 0.00089502334594726562, 0.0044262409210205078, 10.22090970492453, 10.082146000186347, 0.13876370473818472, 96013, 96057, 724.228, 296.621, 214.143, 26.0668, 78.9262, 0.0436471, 108.112, 0.31583, 
1e-6,2,90000,976696,1.9547e+06,1,2,45, 2032.41, 0.0245509, 1211.76, 0, 0, 1, 2, 0.016366004943847656, 0.0030770301818847656, 0.0033159255981445312, 0.00038504600524902344, 0.0001850128173828125, 0, 0.0017521381378173828, 0.0076508522033691406, 10.238254895985442, 10.082146980323012, 0.15610791566242913, 96014, 96059, 724.244, 296.625, 214.149, 26.0672, 78.9279, 0.043648, 108.116, 0.316263, 
1e-6,2,100000,1.12432e+06,1.03544e+07,1,2,46, 2151.36, 0.0250251, 1312.74, 0, 0, 11216, 11217, 87.897516965866089, 0.0029120445251464844, 0.0020110607147216797, 0.00023388862609863281, 0.00020194053649902344, 0, 0.00089311599731445312, 87.891264915466309, 10.24646645258337, 10.09770482011422, 0.14876163246914981, 107230, 107276, 812.142, 332.18, 240.416, 29.1775, 88.673, 0.0487792, 121.303, 0.343356, 
1e-6,2,200000,1.44649e+06,1.5088e+07,1,2,47, 2319.45, 0.025507, 1456.61, 0, 0, 17731, 17732, 133.77605819702148, 0.0029518604278564453, 0.002819061279296875, 0.00026082992553710938, 0.00018596649169921875, 0, 0.0013818740844726562, 133.76845860481262, 10.357102683258184, 10.131552121901688, 0.22555056135650042, 124961, 125008, 945.918, 384.918, 281.192, 34.1686, 103.559, 0.0570357, 141.635, 0.387092, 
1e-6,2,300000,1.68657e+06,1.09921e+07,1,2,48, 2444.88, 0.0259902, 1567.35, 0, 0, 12492, 12493, 94.947493076324463, 0.0028700828552246094, 0.0035989284515380859, 0.0003662109375, 0.00018310546875, 0, 0.0020008087158203125, 94.93847393989563, 10.436768141507901, 10.156347474253298, 0.28042066725460363, 137453, 137501, 1040.87, 423.534, 309.519, 37.6126, 113.945, 0.0626426, 155.775, 0.417331, 
1e-6,2,400000,1.84793e+06,7.05121e+06,1,2,49, 2530.71, 0.0264721, 1632.55, 0, 0, 7752, 7753, 56.255386114120483, 0.0029020309448242188, 0.0019960403442382812, 0.0002269744873046875, 0.0001850128173828125, 0, 0.0009098052978515625, 56.249166250228882, 10.502018982600902, 10.172996694592268, 0.32902228800863442, 145205, 145254, 1097.12, 445.99, 326.408, 39.6749, 120.079, 0.0658345, 164.467, 0.436782, 
1e-6,2,500000,1.99351e+06,6.02144e+06,1,2,50, 2604.78, 0.0270183, 1685.76, 0, 0, 6210, 6211, 45.382482051849365, 0.0028328895568847656, 0.0017998218536376953, 0.0002231597900390625, 0.00018906593322753906, 0, 0.001007080078125, 45.376430034637451, 10.553422087370834, 10.187970985463332, 0.36545110190751312, 151415, 151465, 1142.5, 464.396, 339.997, 41.3211, 125.004, 0.0686791, 171.265, 0.451515, 
1e-6,2,600000,2.07707e+06,4.12117e+06,1,2,51, 2662.01, 0.0275834, 1720.35, 0, 0, 3562, 3563, 26.053643941879272, 0.0029180049896240234, 0.0024919509887695312, 0.0002288818359375, 0.00018310546875, 0, 0.00089597702026367188, 26.046926021575928, 10.605814033184126, 10.196588906533595, 0.40922512665053246, 154977, 155028, 1168.56, 476.45, 347.028, 42.2081, 127.522, 0.0703099, 174.818, 0.461095, 
1e-6,2,700000,2.1096e+06,2.38684e+06,1,2,52, 2700.23, 0.0280652, 1737.53, 0, 0, 1277, 1278, 9.1069331169128418, 0.0029292106628417969, 0.0017979145050048828, 0.00022387504577636719, 0.00018787384033203125, 0, 0.0010561943054199219, 9.1007380485534668, 10.664612731578009, 10.199976898353746, 0.4646358332242605, 156254, 156306, 1177.66, 480.515, 349.545, 42.524, 128.432, 0.0709059, 176.113, 0.46437, 
1e-6,2,800000,2.20577e+06,3.087e+06,1,2,53, 2743.98, 0.0285482, 1760.37, 0, 0, 2258, 2259, 16.173048973083496, 0.0028378963470458984, 0.0022530555725097656, 0.00033092498779296875, 0.00018405914306640625, 0, 0.0011029243469238281, 16.166340112686157, 10.699518858835136, 10.209890097895016, 0.48962876094011965, 158512, 158565, 1193.84, 487.036, 354.395, 43.1166, 130.201, 0.0720232, 178.547, 0.470235, 
1e-6,2,900000,2.21088e+06,1.68424e+06,1,2,54, 2775.81, 0.0290282, 1771.84, 0, 0, 223, 224, 1.6104800701141357, 0.002880096435546875, 0.0017850399017333984, 0.00026416778564453125, 0.00018405914306640625, 0, 0.00093007087707519531, 1.6044366359710693, 10.758863566872026, 10.210431118787188, 0.5484324480848406, 158735, 158789, 1195.45, 487.68, 354.883, 43.1754, 130.377, 0.0721209, 178.789, 0.471031, 
1e-6,2,1e+06,2.2626e+06,2.90097e+06,1,2,55, 2821.47, 0.0295134, 1799.43, 0, 0, 1716, 1717, 12.968427181243896, 0.0028829574584960938, 0.0018370151519775391, 0.00022292137145996094, 0.0001850128173828125, 1.1920928955078125e-06, 0.00092792510986328125, 12.962370157241821, 10.798820809946402, 10.215790079240737, 0.58303073070567113, 160451, 160506, 1208.42, 493.079, 358.666, 43.6361, 131.784, 0.0728428, 180.702, 0.475419, 
1e-6,2,2e+06,2.53921e+06,4.30983e+06,1,2,56, 2883.56, 0.0299976, 1838.94, 0, 0, 3293, 3294, 26.25281810760498, 0.004322052001953125, 0.0025050640106201172, 0.00027203559875488281, 0.00018191337585449219, 0, 0.00099611282348632812, 26.244540929794312, 11.15793459127697, 10.24446659334092, 0.9134679979360556, 163744, 163800, 1234.67, 503.823, 366.465, 44.5642, 134.661, 0.0743189, 184.598, 0.484005, 
1e-6,2,3e+06,2.53972e+06,1.61597e+06,1,2,57, 2914.88, 0.0304744, 1852.16, 0, 0, 21, 22, 0.15897512435913086, 0.002941131591796875, 0.0022590160369873047, 0.00033998489379882812, 0.00018596649169921875, 0, 0.0010201930999755859, 0.15222883224487305, 11.614074886854199, 10.24452673506708, 1.3695481517871202, 163765, 163822, 1234.83, 503.885, 366.516, 44.5703, 134.677, 0.0743308, 184.62, 0.484322, 
1e-6,2,4e+06,2.55913e+06,1.8418e+06,1,2,58, 2948.69, 0.0309646, 1864.53, 0, 0, 538, 539, 3.9731671810150146, 0.0029141902923583984, 0.0018138885498046875, 0.00024700164794921875, 0.000186920166015625, 0, 0.00092816352844238281, 3.9670770168304443, 12.040334579107759, 10.246565385656709, 1.7937691934510547, 164303, 164361, 1238.8, 505.44, 367.734, 44.7156, 135.118, 0.0745757, 185.232, 0.485878, 
1e-6,2,5e+06,2.56618e+06,1.78064e+06,1,2,59, 2980.69, 0.0314994, 1878.81, 0, 0, 284, 285, 2.0686140060424805, 0.0028760433197021484, 0.0017840862274169922, 0.00022482872009277344, 0.00020384788513183594, 0, 0.0010240077972412109, 2.0625011920928955, 12.47499959228913, 10.247302914577096, 2.2276966777120397, 164587, 164646, 1240.87, 506.263, 368.361, 44.7925, 135.347, 0.0747004, 185.545, 0.486791, 
1e-6,2,6e+06,2.6049e+06,2.49245e+06,1,2,60, 3024.5, 0.0319934, 1902.16, 0, 0, 963, 964, 7.6032330989837646, 0.0028710365295410156, 0.0018060207366943359, 0.00022792816162109375, 0.00018596649169921875, 0, 0.00093102455139160156, 7.5972111225128174, 12.830242962854552, 10.251313910078739, 2.5789290527758144, 165550, 165610, 1248.47, 509.106, 370.767, 45.0899, 136.218, 0.0750906, 186.727, 0.489444, 
1e-6,2,7e+06,2.6075e+06,1.70863e+06,1,2,61, 3056.65, 0.0324774, 1912.42, 0, 0, 128, 129, 1.1866838932037354, 0.0029580593109130859, 0.0024130344390869141, 0.00028204917907714844, 0.00018620491027832031, 9.5367431640625e-07, 0.0014698505401611328, 1.1793737411499023, 13.253026539804655, 10.251584447899118, 3.0014420919055396, 165678, 165739, 1249.66, 509.503, 371.169, 45.1389, 136.364, 0.0751519, 186.919, 0.490022, 
1e-6,2,8e+06,2.62047e+06,1.6791e+06,1,2,62, 3087.78, 0.0329642, 1927.7, 0, 0, 178, 179, 1.3436851501464844, 0.0045030117034912109, 0.0024030208587646484, 0.00024008750915527344, 0.00018286705017089844, 0, 0.00097012519836425781, 1.3353860378265381, 13.641754075514514, 10.252928719851987, 3.3888253556625236, 165856, 165918, 1251, 510.095, 371.547, 45.1851, 136.499, 0.0752354, 187.11, 0.490739, 
1e-6,2,9e+06,3.35933e+06,1.79232e+06,1,2,63, 3120.84, 0.033438, 1936.01, 0, 0, 106, 107, 0.83431196212768555, 0.0028579235076904297, 0.0030949115753173828, 0.00023007392883300781, 0.00018405914306640625, 0, 0.00095510482788085938, 0.82698988914489746, 12.072795667788856, 10.32928944414077, 1.7435062236480956, 165962, 166025, 1251.84, 510.407, 371.809, 45.2162, 136.597, 0.0752971, 187.242, 0.491207, 
1e-6,2,1e+07,3.35938e+06,1.37883e+06,1,2,64, 3148.68, 0.033958, 1945.18, 0, 0, 6, 7, 0.044702768325805664, 0.0029139518737792969, 0.0017869472503662109, 0.00027203559875488281, 0.00021815299987792969, 9.5367431640625e-07, 0.0010209083557128906, 0.038489818572998047, 12.266322625872789, 10.329291264006152, 1.9370313618666364, 165968, 166032, 1251.88, 510.425, 371.822, 45.2179, 136.602, 0.0753, 187.249, 0.491422, 
1e-6,2,2e+07,3.35947e+06,1.66055e+06,1,2,65, 3180.25, 0.0344427, 1960.53, 0, 0, 10, 11, 0.077150821685791016, 0.0028839111328125, 0.0022490024566650391, 0.00026988983154296875, 0.00018000602722167969, 0, 0.0009288787841796875, 0.070639133453369141, 14.202565587929742, 10.329297201048332, 3.8732683868814206, 165978, 166043, 1251.96, 510.454, 371.847, 45.2208, 136.61, 0.0753009, 187.261, 0.491678, 
1e-6,2,3e+07,3.35954e+06,1.72546e+06,1,2,66, 3213.11, 0.0349348, 1977.22, 0, 0, 6, 7, 0.045329093933105469, 0.0028698444366455078, 0.0021278858184814453, 0.00024318695068359375, 0.00018405914306640625, 0, 0.0009708404541015625, 0.038933277130126953, 16.138517930865973, 10.329301218925711, 5.8092167119402776, 165984, 166050, 1252, 510.472, 371.861, 45.2224, 136.614, 0.075304, 187.268, 0.49197, 
1e-6,2,4e+07,3.35961e+06,1.54526e+06,1,2,67, 3244.63, 0.0354118, 1988.1, 0, 0, 5, 6, 0.040657997131347656, 0.0028989315032958984, 0.0018858909606933594, 0.00024104118347167969, 0.00018787384033203125, 0, 0.00096201896667480469, 0.034482240676879883, 18.073820213606425, 10.329305692942327, 7.7445145206640866, 165989, 166056, 1252.05, 510.487, 371.875, 45.2238, 136.618, 0.075305, 187.273, 0.492193, 
1e-6,2,5e+07,3.35971e+06,1.74819e+06,1,2,68, 3277.21, 0.035893, 2004.84, 0, 0, 6, 7, 0.049070835113525391, 0.0030279159545898438, 0.0027258396148681641, 0.0003261566162109375, 0.00018405914306640625, 9.5367431640625e-07, 0.0010678768157958984, 0.041738033294677734, 20.008230919825685, 10.329312376166179, 9.67891854365954, 165995, 166063, 1252.09, 510.505, 371.893, 45.2253, 136.623, 0.0753059, 187.28, 0.492445, 
1e-6,2,6e+07,3.35982e+06,1.54008e+06,1,2,69, 3308.35, 0.036377, 2020.17, 0, 0, 5, 6, 0.039168834686279297, 0.0028970241546630859, 0.0021390914916992188, 0.00032401084899902344, 0.00019907951354980469, 0, 0.0014569759368896484, 0.032152652740478516, 21.941723803703546, 10.329318831660952, 11.612404972042594, 166000, 166069, 1252.13, 510.521, 371.905, 45.2266, 136.627, 0.0753081, 187.286, 0.492751, 
1e-6,2,7e+07,3.35992e+06,1.53521e+06,1,2,70, 3339.08, 0.0368593, 2033.63, 0, 0, 6, 7, 0.049573898315429688, 0.0029158592224121094, 0.0018060207366943359, 0.00026607513427734375, 0.00018811225891113281, 0, 0.0011029243469238281, 0.043294906616210938, 23.874728046552512, 10.329327652030486, 13.545400394522023, 166006, 166076, 1252.18, 510.539, 371.921, 45.2284, 136.633, 0.075309, 187.294, 0.492968, 
1e-6,2,8e+07,3.36009e+06,1.57654e+06,1,2,71, 3370.71, 0.0373445, 2041.23, 0, 0, 11, 12, 0.082437992095947266, 0.0028982162475585938, 0.0017731189727783203, 0.00023293495178222656, 0.00021004676818847656, 0, 0.0011761188507080078, 0.076147556304931641, 25.805100354860418, 10.329338169294569, 15.475762185565852, 166017, 166088, 1252.27, 510.572, 371.946, 45.2312, 136.641, 0.0753152, 187.306, 0.493205, 
1e-6,2,9e+07,3.3602e+06,1.61503e+06,1,2,72, 3402.87, 0.0378244, 2052.25, 0, 0, 10, 11, 0.075774192810058594, 0.0030241012573242188, 0.0022308826446533203, 0.00025606155395507812, 0.00018596649169921875, 1.1920928955078125e-06, 0.00089597702026367188, 0.069180011749267578, 27.736303101335771, 10.329346768484616, 17.406956332851188, 166027, 166099, 1252.34, 510.602, 371.971, 45.2338, 136.649, 0.0753212, 187.317, 0.493499, 
1e-6,2,1e+08,3.36047e+06,1.69731e+06,1,2,73, 3435.28, 0.0383093, 2064.46, 0, 0, 11, 12, 0.092625141143798828, 0.0028769969940185547, 0.0021839141845703125, 0.0002460479736328125, 0.00018596649169921875, 0, 0.001007080078125, 0.08612513542175293, 29.661378107010094, 10.329367063768455, 19.332011043241671, 166038, 166111, 1252.43, 510.634, 372.001, 45.2372, 136.659, 0.075325, 187.334, 0.493764,