K,epssqr,L,Theta0,Theta1,Gamma nbins,it all, t all, t gamma update, t gamma solve, t theta update, t theta solve, SPGQP it, SPGQP hessmult, SPGQP t all, SPGQP t project, SPGQP t matmult, SPGQP t dot, SPGQP t update, SPGQP t stepsize, SPGQP t fs, SPGQP t other, SPGQP fx, SPGQP fx_linear, SPGQP fx_quadratic, SPGQP_sum it, SPGQP_sum hessmult, SPGQP_sum t all, SPGQP_sum t project, SPGQP_sum t matmult, SPGQP_sum t dot, SPGQP_sum t update, SPGQP_sum t stepsize, SPGQP_sum t fs, SPGQP_sum t other, 
1,1,-0.169243,1.2152,11.9792,1,2, 0.0552871, 0.00594163, 0.0101337, 0.000932693, 0.0371213, 1, 2, 0.0007801055908203125, 0.00024080276489257812, 6.4611434936523438e-05, 6.1511993408203125e-05, 4.3153762817382812e-05, 2.384185791015625e-06, 5.245208740234375e-05, 0.00031518936157226562, -0.16924326289244446, -0.16924326289244446, 0, 3, 6, 0.0100806, 0.00102997, 0.000544786, 0.000237703, 0.000402927, 2.02656e-05, 0.000451803, 0.00739312, 
1,2,-0.169243,1.2152,11.9792,1,3, 0.0771244, 0.0060091, 0.0118947, 0.00118399, 0.0560818, 1, 2, 0.00084257125854492188, 0.00024104118347167969, 5.340576171875e-05, 5.8889389038085938e-05, 4.291534423828125e-05, 2.384185791015625e-06, 5.2928924560546875e-05, 0.0003910064697265625, -0.16924326289244446, -0.16924326289244446, 0, 5, 10, 0.0118241, 0.00155973, 0.000870466, 0.000460386, 0.000621557, 3.02792e-05, 0.000666618, 0.00761509, 
1,3,-0.169243,1.2152,11.9792,1,4, 0.100021, 0.00620246, 0.0135906, 0.0014205, 0.0760763, 1, 2, 0.00080537796020507812, 0.00024175643920898438, 5.3644180297851562e-05, 5.817413330078125e-05, 4.1961669921875e-05, 2.1457672119140625e-06, 5.3644180297851562e-05, 0.00035405158996582031, -0.16924326289244446, -0.16924326289244446, 0, 7, 14, 0.0134926, 0.00212669, 0.00114322, 0.00058198, 0.000837564, 4.02927e-05, 0.000918388, 0.00784445, 
1,4,-0.169243,1.2152,11.9792,1,5, 0.124364, 0.00640059, 0.0153534, 0.00169492, 0.0972605, 1, 2, 0.00086879730224609375, 0.00024127960205078125, 2.384185791015625e-06, 7.5101852416992188e-05, 4.5299530029296875e-05, 2.1457672119140625e-06, 5.5074691772460938e-05, 0.00044751167297363281, -0.16924326289244446, -0.16924326289244446, 0, 9, 18, 0.0152273, 0.00266695, 0.00136089, 0.000715733, 0.00108814, 5.05447e-05, 0.00116777, 0.00817728, 
1,5,-0.169243,1.2152,11.9792,1,6, 0.149502, 0.00651598, 0.0175614, 0.00198317, 0.118889, 1, 2, 0.0012955665588378906, 0.00028729438781738281, 5.6743621826171875e-05, 0.00010657310485839844, 9.72747802734375e-05, 2.384185791015625e-06, 0.0001506805419921875, 0.00059461593627929688, -0.16924326289244446, -0.16924326289244446, 0, 11, 22, 0.0174139, 0.00324678, 0.00163722, 0.000881433, 0.00153089, 6.05583e-05, 0.00151515, 0.00854182, 
1,6,-0.169243,1.2152,11.9792,1,7, 0.186422, 0.00674629, 0.0197723, 0.00252485, 0.151587, 1, 2, 0.0010352134704589844, 0.0002422332763671875, 5.4836273193359375e-05, 0.00020265579223632812, 6.7472457885742188e-05, 2.1457672119140625e-06, 6.2465667724609375e-05, 0.00040340423583984375, -0.16924326289244446, -0.16924326289244446, 0, 13, 26, 0.0195956, 0.00388384, 0.00198531, 0.00117707, 0.00179505, 7.05719e-05, 0.00186324, 0.00882053, 
1,7,-0.169243,1.2152,11.9792,1,8, 0.211344, 0.00688791, 0.0218759, 0.00285268, 0.173048, 1, 2, 0.00083613395690917969, 0.00024151802062988281, 5.53131103515625e-05, 7.1763992309570312e-05, 4.5537948608398438e-05, 2.1457672119140625e-06, 5.8650970458984375e-05, 0.00036120414733886719, -0.16924326289244446, -0.16924326289244446, 0, 15, 30, 0.0216737, 0.00457096, 0.00227451, 0.00133157, 0.00205851, 8.15392e-05, 0.0022347, 0.00912189, 
1,8,-0.169243,1.2152,11.9792,1,9, 0.237274, 0.00701547, 0.0238774, 0.00314736, 0.195565, 1, 2, 0.0009136199951171875, 0.00027704238891601562, 5.6505203247070312e-05, 6.2704086303710938e-05, 4.4107437133789062e-05, 2.1457672119140625e-06, 5.6982040405273438e-05, 0.00041413307189941406, -0.16924326289244446, -0.16924326289244446, 0, 17, 34, 0.023623, 0.00514126, 0.00250554, 0.00155616, 0.00229979, 9.32217e-05, 0.00255466, 0.00947237, 
1,9,-0.169243,1.2152,11.9792,1,10, 0.280444, 0.00715876, 0.0269852, 0.0034759, 0.218789, 1, 2, 0.0018205642700195312, 0.00034356117248535156, 8.3446502685546875e-05, 0.000385284423828125, 0.00029444694519042969, 3.814697265625e-06, 0.00033116340637207031, 0.00037884712219238281, -0.16924326289244446, -0.16924326289244446, 0, 19, 38, 0.026701, 0.00591564, 0.00282407, 0.0020442, 0.00282025, 0.000109434, 0.00314784, 0.00983953, 
1,10,-0.169243,1.2152,11.9792,1,11, 0.307767, 0.00729442, 0.0288136, 0.00374341, 0.242954, 1, 2, 0.00084733963012695312, 0.00024342536926269531, 6.0796737670898438e-05, 7.3194503784179688e-05, 4.673004150390625e-05, 2.384185791015625e-06, 5.9843063354492188e-05, 0.00036096572875976562, -0.16924326289244446, -0.16924326289244446, 0, 21, 42, 0.0285034, 0.00645351, 0.00311899, 0.0021801, 0.00310421, 0.000121355, 0.00341225, 0.010113, 
1,20,-0.169243,1.2152,11.9792,1,12, 0.333556, 0.00742173, 0.0318117, 0.00405121, 0.264301, 1, 2, 0.0020282268524169922, 0.00039911270141601562, 7.43865966796875e-05, 0.00022530555725097656, 0.0004482269287109375, 2.6226043701171875e-06, 0.00044417381286621094, 0.00043439865112304688, -0.16924326289244446, -0.16924326289244446, 0, 23, 46, 0.0314775, 0.00714612, 0.00338554, 0.00246787, 0.00384974, 0.000133991, 0.00410104, 0.0103931, 
1,30,-0.169243,1.2152,11.9792,1,13, 0.356925, 0.00757647, 0.0339375, 0.00432181, 0.283927, 1, 2, 0.0011575222015380859, 0.00024342536926269531, 5.7935714721679688e-05, 9.5129013061523438e-05, 9.4175338745117188e-05, 2.6226043701171875e-06, 7.9393386840820312e-05, 0.00058484077453613281, -0.16924326289244446, -0.16924326289244446, 0, 25, 50, 0.0335743, 0.00768733, 0.00374699, 0.00264955, 0.00419021, 0.00014472, 0.00439477, 0.0107608, 
1,40,-0.169243,1.2152,11.9792,1,14, 0.397186, 0.00778937, 0.0376041, 0.00464725, 0.318806, 1, 2, 0.0013675689697265625, 0.00032448768615722656, 8.0585479736328125e-05, 0.00013470649719238281, 9.8943710327148438e-05, 3.0994415283203125e-06, 0.00012493133544921875, 0.0006008148193359375, -0.16924326289244446, -0.16924326289244446, 0, 27, 54, 0.0372071, 0.00838113, 0.00414395, 0.00290418, 0.00460792, 0.000157356, 0.00497675, 0.0120358, 
1,50,-0.169243,1.2152,11.9792,1,15, 0.423074, 0.00797009, 0.0395968, 0.00492215, 0.341244, 1, 2, 0.0010769367218017578, 0.00036549568176269531, 6.7234039306640625e-05, 7.6055526733398438e-05, 5.1975250244140625e-05, 3.5762786865234375e-06, 8.0347061157226562e-05, 0.00043225288391113281, -0.16924326289244446, -0.16924326289244446, 0, 29, 58, 0.0391684, 0.00904489, 0.00442076, 0.00304389, 0.00486779, 0.000171185, 0.00525427, 0.0123656, 
1,60,-0.169243,1.2152,11.9792,1,16, 0.448539, 0.00819254, 0.0419941, 0.00525713, 0.362868, 1, 2, 0.0010824203491210938, 0.00024151802062988281, 8.106231689453125e-05, 0.00012683868408203125, 7.7962875366210938e-05, 2.6226043701171875e-06, 7.0333480834960938e-05, 0.00048208236694335938, -0.16924326289244446, -0.16924326289244446, 0, 31, 62, 0.0415297, 0.0096395, 0.00477839, 0.00329232, 0.00516796, 0.000181913, 0.00557017, 0.0128994, 
1,70,-0.169243,1.2152,11.9792,1,17, 0.483857, 0.0083487, 0.0438621, 0.00552678, 0.395073, 1, 2, 0.00089192390441894531, 0.00027322769165039062, 5.626678466796875e-05, 7.915496826171875e-05, 4.00543212890625e-05, 2.1457672119140625e-06, 5.3882598876953125e-05, 0.0003871917724609375, -0.16924326289244446, -0.16924326289244446, 0, 33, 66, 0.0433683, 0.0103166, 0.00504637, 0.00343847, 0.00540924, 0.000193834, 0.00581837, 0.0131454, 
1,80,-0.169243,1.2152,11.9792,1,18, 0.507563, 0.00859118, 0.0456309, 0.00584507, 0.415554, 1, 2, 0.0008411407470703125, 0.00024151802062988281, 5.435943603515625e-05, 6.3419342041015625e-05, 4.5537948608398438e-05, 2.384185791015625e-06, 5.53131103515625e-05, 0.00037860870361328125, -0.16924326289244446, -0.16924326289244446, 0, 35, 70, 0.045105, 0.0108593, 0.00533128, 0.0035677, 0.00564051, 0.000205517, 0.00607204, 0.0134287, 
1,90,-0.169243,1.2152,11.9792,1,19, 0.532938, 0.00876594, 0.0475841, 0.00617504, 0.437467, 1, 2, 0.0011005401611328125, 0.00027346611022949219, 5.6982040405273438e-05, 6.7234039306640625e-05, 5.1021575927734375e-05, 2.1457672119140625e-06, 5.7220458984375e-05, 0.00059247016906738281, -0.16924326289244446, -0.16924326289244446, 0, 37, 74, 0.0470412, 0.0114341, 0.00563407, 0.00369787, 0.00588894, 0.000216484, 0.00633907, 0.0138307, 
1,100,-0.169243,1.2152,11.9792,1,20, 0.556732, 0.00889945, 0.0493798, 0.00647211, 0.458038, 1, 2, 0.00097823143005371094, 0.00024151802062988281, 5.435943603515625e-05, 0.00010895729064941406, 8.4638595581054688e-05, 2.1457672119140625e-06, 6.1273574829101562e-05, 0.0004253387451171875, -0.16924326289244446, -0.16924326289244446, 0, 39, 78, 0.0488122, 0.0119662, 0.00587583, 0.00387526, 0.00616336, 0.000230074, 0.0065918, 0.0141096, 
1,200,-0.169243,1.2152,11.9792,1,21, 0.596266, 0.00905895, 0.0670488, 0.00673842, 0.477775, 1, 2, 0.00084257125854492188, 0.00024127960205078125, 5.4121017456054688e-05, 6.2227249145507812e-05, 4.2200088500976562e-05, 2.1457672119140625e-06, 5.435943603515625e-05, 0.00038623809814453125, -0.16924326289244446, -0.16924326289244446, 0, 41, 82, 0.0664523, 0.0125556, 0.00623107, 0.00404167, 0.00640011, 0.000242472, 0.00684619, 0.0301352, 
1,300,-0.169243,1.2152,11.9792,1,22, 0.618643, 0.00919652, 0.0688484, 0.00701118, 0.497085, 1, 2, 0.0010089874267578125, 0.00024247169494628906, 0.00016498565673828125, 6.961822509765625e-05, 4.8398971557617188e-05, 2.384185791015625e-06, 6.1750411987304688e-05, 0.00041937828063964844, -0.16924326289244446, -0.16924326289244446, 0, 43, 86, 0.0682256, 0.0130925, 0.0065949, 0.00417304, 0.00664115, 0.000253201, 0.00709629, 0.0303745, 
1,400,-0.169243,1.2152,11.9792,1,23, 0.6434, 0.0093255, 0.0706341, 0.00730133, 0.518632, 1, 2, 0.00082111358642578125, 0.00023126602172851562, 5.5789947509765625e-05, 6.4611434936523438e-05, 4.4584274291992188e-05, 2.384185791015625e-06, 5.9366226196289062e-05, 0.00036311149597167969, -0.16924326289244446, -0.16924326289244446, 0, 45, 90, 0.069984, 0.013618, 0.00684261, 0.00430083, 0.00687766, 0.000265837, 0.00732136, 0.0307577, 
1,500,-0.169243,1.2152,11.9792,1,24, 0.667828, 0.00962853, 0.0733995, 0.00757957, 0.538832, 1, 2, 0.0010688304901123047, 0.00033044815063476562, 5.6743621826171875e-05, 0.00017833709716796875, 4.3392181396484375e-05, 2.1457672119140625e-06, 5.6505203247070312e-05, 0.00040125846862792969, -0.16924326289244446, -0.16924326289244446, 0, 47, 94, 0.0727143, 0.014365, 0.00717854, 0.00481582, 0.00721908, 0.000279188, 0.00767803, 0.0311787, 
1,600,-0.169243,1.2152,11.9792,1,25, 0.703978, 0.00976348, 0.0752757, 0.00784564, 0.571806, 1, 2, 0.00098824501037597656, 0.00027132034301757812, 5.6743621826171875e-05, 6.3657760620117188e-05, 6.4373016357421875e-05, 2.1457672119140625e-06, 5.5789947509765625e-05, 0.00047421455383300781, -0.16924326289244446, -0.16924326289244446, 0, 49, 98, 0.0745661, 0.0149305, 0.00752187, 0.00494432, 0.00751925, 0.000290632, 0.0079248, 0.0314348, 
1,700,-0.169243,1.2152,11.9792,1,26, 0.729587, 0.0100033, 0.0771961, 0.00815105, 0.594107, 1, 2, 0.0008792877197265625, 0.000244140625, 5.5789947509765625e-05, 6.4134597778320312e-05, 4.2200088500976562e-05, 2.1457672119140625e-06, 5.5074691772460938e-05, 0.000415802001953125, -0.16924326289244446, -0.16924326289244446, 0, 51, 102, 0.0764556, 0.0155256, 0.00782871, 0.00508285, 0.00780058, 0.000301838, 0.00819135, 0.0317247, 
1,800,-0.169243,1.2152,11.9792,1,27, 0.753414, 0.0101318, 0.0790238, 0.00842428, 0.614707, 1, 2, 0.00089716911315917969, 0.00024104118347167969, 5.3882598876953125e-05, 6.5088272094726562e-05, 7.1287155151367188e-05, 6.4373016357421875e-06, 5.626678466796875e-05, 0.00040316581726074219, -0.16924326289244446, -0.16924326289244446, 0, 53, 106, 0.0782552, 0.0160592, 0.00807166, 0.00521398, 0.00804257, 0.000317335, 0.0084362, 0.0321143, 
1,900,-0.169243,1.2152,11.9792,1,28, 0.788217, 0.0102742, 0.0809655, 0.00869155, 0.646023, 1, 2, 0.00084757804870605469, 0.00025010108947753906, 5.4836273193359375e-05, 8.869171142578125e-05, 4.673004150390625e-05, 2.384185791015625e-06, 5.4597854614257812e-05, 0.00035023689270019531, -0.16924326289244446, -0.16924326289244446, 0, 55, 110, 0.0801721, 0.0167243, 0.0083251, 0.00537014, 0.00829506, 0.000329256, 0.00873804, 0.0323901, 
1,1000,-0.169243,1.2152,11.9792,1,29, 0.812987, 0.0104725, 0.0828929, 0.00899363, 0.667291, 1, 2, 0.00095462799072265625, 0.00024175643920898438, 0.00012326240539550781, 7.343292236328125e-05, 4.4345855712890625e-05, 2.6226043701171875e-06, 5.6028366088867188e-05, 0.00041317939758300781, -0.16924326289244446, -0.16924326289244446, 0, 57, 114, 0.0820668, 0.0172651, 0.00866151, 0.00554681, 0.00852942, 0.000341177, 0.00899673, 0.032726, 
1,2000,-0.169243,1.2152,11.9792,1,30, 0.840861, 0.0106738, 0.0879853, 0.00933099, 0.688205, 1, 2, 0.0035016536712646484, 0.00030589103698730469, 8.58306884765625e-05, 0.00038027763366699219, 9.34600830078125e-05, 3.5762786865234375e-06, 0.00010132789611816406, 0.0025312900543212891, -0.16924326289244446, -0.16924326289244446, 0, 59, 118, 0.0871222, 0.0179162, 0.00929332, 0.00603962, 0.00906348, 0.000356436, 0.00937819, 0.0350749, 
1,3000,-0.169243,1.2152,11.9792,1,31, 0.866395, 0.0108287, 0.0898972, 0.00959849, 0.710466, 1, 2, 0.00078368186950683594, 0.00024151802062988281, 3.9339065551757812e-05, 6.8426132202148438e-05, 4.3630599975585938e-05, 2.1457672119140625e-06, 5.435943603515625e-05, 0.00033426284790039062, -0.16924326289244446, -0.16924326289244446, 0, 61, 122, 0.0890028, 0.018491, 0.00948477, 0.00617623, 0.00936961, 0.000366926, 0.00965428, 0.03546, 
1,4000,-0.169243,1.2152,11.9792,1,32, 0.904565, 0.0110056, 0.0922623, 0.00995374, 0.74478, 1, 2, 0.00085473060607910156, 0.00024127960205078125, 5.4121017456054688e-05, 8.678436279296875e-05, 5.1736831665039062e-05, 2.384185791015625e-06, 5.8650970458984375e-05, 0.00035977363586425781, -0.16924326289244446, -0.16924326289244446, 0, 63, 126, 0.091331, 0.0191915, 0.00981617, 0.00637054, 0.00969791, 0.000382185, 0.00996256, 0.0359101, 
1,5000,-0.169243,1.2152,11.9792,1,33, 0.928366, 0.0112062, 0.0940812, 0.0102332, 0.765464, 1, 2, 0.00089812278747558594, 0.00024104118347167969, 5.7697296142578125e-05, 6.9379806518554688e-05, 4.3630599975585938e-05, 2.1457672119140625e-06, 5.626678466796875e-05, 0.00042796134948730469, -0.16924326289244446, -0.16924326289244446, 0, 65, 130, 0.0931175, 0.0197308, 0.0100889, 0.0065186, 0.00993228, 0.000395298, 0.0102196, 0.036232, 
1,6000,-0.169243,1.2152,11.9792,1,34, 0.952279, 0.0113368, 0.0958519, 0.0104966, 0.786386, 1, 2, 0.00087857246398925781, 0.00024104118347167969, 5.4597854614257812e-05, 6.9379806518554688e-05, 5.0783157348632812e-05, 2.384185791015625e-06, 9.5844268798828125e-05, 0.00036454200744628906, -0.16924326289244446, -0.16924326289244446, 0, 67, 134, 0.0948589, 0.0202682, 0.010334, 0.00665426, 0.0101824, 0.000406742, 0.0105255, 0.0364878, 
1,7000,-0.169243,1.2152,11.9792,1,35, 0.98965, 0.0115662, 0.100873, 0.0108001, 0.817381, 1, 2, 0.0041270256042480469, 0.00024175643920898438, 5.53131103515625e-05, 6.3657760620117188e-05, 4.9352645874023438e-05, 3.814697265625e-06, 5.9843063354492188e-05, 0.0036532878875732422, -0.16924326289244446, -0.16924326289244446, 0, 69, 138, 0.0998538, 0.020807, 0.0105901, 0.00680518, 0.0104225, 0.000419617, 0.010812, 0.0399973, 
1,8000,-0.169243,1.2152,11.9792,1,36, 1.01379, 0.0116501, 0.10263, 0.0112267, 0.838284, 1, 2, 0.00083446502685546875, 0.00024104118347167969, 5.3882598876953125e-05, 6.389617919921875e-05, 6.9856643676757812e-05, 2.1457672119140625e-06, 6.008148193359375e-05, 0.00034356117248535156, -0.16924326289244446, -0.16924326289244446, 0, 71, 142, 0.101588, 0.0213358, 0.0108542, 0.00693345, 0.0106838, 0.000432491, 0.0110846, 0.0402637, 
1,9000,-0.169243,1.2152,11.9792,1,37, 1.0384, 0.0117252, 0.104254, 0.0116024, 0.86008, 1, 2, 0.00079345703125, 0.00024104118347167969, 5.4121017456054688e-05, 6.2465667724609375e-05, 4.5537948608398438e-05, 2.1457672119140625e-06, 5.626678466796875e-05, 0.000331878662109375, -0.16924326289244446, -0.16924326289244446, 0, 73, 146, 0.10319, 0.0218651, 0.0110843, 0.00705886, 0.0109122, 0.000444174, 0.0113227, 0.0405025, 
1,10000,-0.169243,1.2152,11.9792,1,38, 1.0655, 0.0119247, 0.106691, 0.0124063, 0.882779, 1, 2, 0.0011601448059082031, 0.00031828880310058594, 5.7697296142578125e-05, 6.6041946411132812e-05, 4.482269287109375e-05, 2.86102294921875e-06, 0.00019145011901855469, 0.00047898292541503906, -0.16924326289244446, -0.16924326289244446, 0, 75, 150, 0.105595, 0.0225217, 0.0113704, 0.00724268, 0.0113783, 0.000458717, 0.0117993, 0.0408242, 
1,20000,-0.169243,1.2152,11.9792,1,39, 1.10356, 0.012064, 0.110833, 0.0126722, 0.915419, 1, 2, 0.0018010139465332031, 0.00052142143249511719, 0.00026249885559082031, 0.00038170814514160156, 4.6491622924804688e-05, 2.384185791015625e-06, 5.7220458984375e-05, 0.00052928924560546875, -0.16924326289244446, -0.16924326289244446, 0, 77, 154, 0.10971, 0.0233424, 0.0118315, 0.00769091, 0.0116918, 0.000470161, 0.0120466, 0.0426371, 
1,30000,-0.169243,1.2152,11.9792,1,40, 1.13001, 0.01215, 0.113231, 0.0129917, 0.937366, 1, 2, 0.00095725059509277344, 0.00024461746215820312, 5.6505203247070312e-05, 6.389617919921875e-05, 4.5061111450195312e-05, 2.1457672119140625e-06, 5.5074691772460938e-05, 0.00048995018005371094, -0.16924326289244446, -0.16924326289244446, 0, 79, 158, 0.112084, 0.0240149, 0.0121028, 0.00789118, 0.0122082, 0.000483513, 0.0123377, 0.0430453, 
1,40000,-0.169243,1.2152,11.9792,1,41, 1.15429, 0.0122206, 0.115045, 0.0132453, 0.95877, 1, 2, 0.00082492828369140625, 0.00024104118347167969, 5.3644180297851562e-05, 6.4611434936523438e-05, 6.4373016357421875e-05, 2.384185791015625e-06, 5.5789947509765625e-05, 0.00034308433532714844, -0.16924326289244446, -0.16924326289244446, 0, 81, 162, 0.113875, 0.0246835, 0.0123339, 0.0080266, 0.0124552, 0.000496387, 0.0125854, 0.0432944, 
1,50000,-0.169243,1.2152,11.9792,1,42, 1.19606, 0.0122952, 0.135454, 0.0135338, 0.978923, 1, 2, 0.019462347030639648, 0.00024318695068359375, 8.3446502685546875e-05, 6.6518783569335938e-05, 7.1048736572265625e-05, 2.384185791015625e-06, 0.00010967254638671875, 0.018886089324951172, -0.16924326289244446, -0.16924326289244446, 0, 83, 166, 0.134263, 0.0252283, 0.0126865, 0.00815749, 0.012758, 0.000510693, 0.0129724, 0.0619493, 
1,60000,-0.169243,1.2152,11.9792,1,43, 1.22155, 0.0125492, 0.137804, 0.0138011, 0.999949, 1, 2, 0.0011775493621826172, 0.00024127960205078125, 5.53131103515625e-05, 6.961822509765625e-05, 5.14984130859375e-05, 2.4318695068359375e-05, 0.00036311149597167969, 0.00037240982055664062, -0.16924326289244446, -0.16924326289244446, 0, 85, 170, 0.136571, 0.0257661, 0.0129795, 0.00830936, 0.0130146, 0.000543356, 0.0135853, 0.0623724, 
1,70000,-0.169243,1.2152,11.9792,1,44, 1.24447, 0.012665, 0.13961, 0.0140615, 1.01987, 1, 2, 0.00088334083557128906, 0.00024080276489257812, 5.3882598876953125e-05, 7.6770782470703125e-05, 7.0095062255859375e-05, 2.1457672119140625e-06, 7.2240829467773438e-05, 0.00036740303039550781, -0.16924326289244446, -0.16924326289244446, 0, 87, 174, 0.138355, 0.0263004, 0.0132191, 0.00847721, 0.0132644, 0.000555992, 0.0138958, 0.0626426, 
1,80000,-0.169243,1.2152,11.9792,1,45, 1.26987, 0.0128241, 0.141319, 0.0143292, 1.04139, 1, 2, 0.00077986717224121094, 0.00024080276489257812, 5.3644180297851562e-05, 6.29425048828125e-05, 4.4584274291992188e-05, 2.1457672119140625e-06, 5.5789947509765625e-05, 0.00031995773315429688, -0.16924326289244446, -0.16924326289244446, 0, 89, 178, 0.140039, 0.0268376, 0.0134723, 0.00861025, 0.0134993, 0.000567913, 0.0141532, 0.0628982, 
1,90000,-0.169243,1.2152,11.9792,1,46, 1.31039, 0.013005, 0.149951, 0.0146012, 1.07169, 1, 2, 0.00078821182250976562, 0.00024175643920898438, 5.4121017456054688e-05, 6.1750411987304688e-05, 4.38690185546875e-05, 2.1457672119140625e-06, 5.4597854614257812e-05, 0.0003299713134765625, -0.16924326289244446, -0.16924326289244446, 0, 91, 182, 0.148641, 0.0276384, 0.0138538, 0.00879359, 0.0138278, 0.000580788, 0.0144303, 0.0695164, 
1,100000,-0.169243,1.2152,11.9792,1,47, 1.33629, 0.0130935, 0.151581, 0.0148928, 1.0947, 1, 2, 0.00079417228698730469, 0.00024127960205078125, 5.3882598876953125e-05, 6.4849853515625e-05, 4.3630599975585938e-05, 2.1457672119140625e-06, 5.53131103515625e-05, 0.00033307075500488281, -0.16924326289244446, -0.16924326289244446, 0, 93, 186, 0.15025, 0.0281703, 0.0140865, 0.00891757, 0.0140305, 0.000590563, 0.014668, 0.0697865, 
