image_name,width,height,noise,epssqr,K,architecture,N,Nthreads,Ngpu,it all, t all, t gamma update, t gamma solve, t theta update, t theta solve, SPGQP it, SPGQP hessmult, SPGQP t all, SPGQP t project, SPGQP t matmult, SPGQP t dot, SPGQP t update, SPGQP t stepsize, SPGQP t fs, SPGQP t other, SPGQP fx, SPGQP fx_linear, SPGQP fx_quadratic, SPGQP_sum it, SPGQP_sum hessmult, SPGQP_sum t all, SPGQP_sum t project, SPGQP_sum t matmult, SPGQP_sum t dot, SPGQP_sum t update, SPGQP_sum t stepsize, SPGQP_sum t fs, SPGQP_sum t other, 
usi,1000,600,04,0.000008,2,0,1,1,1,10, 138.442, 0.188988, 137.379, 0, 0, 1, 2, 0.027697324752807617, 0.0020570755004882812, 0.0042626857757568359, 0.0020382404327392578, 1.6689300537109375e-05, 0, 0.0044951438903808594, 0.014827489852905273, 0.10414817794219403, 0.10352613413219054, 0.00062204381000347951, 8841, 8861, 135.851, 18.1623, 38.1557, 17.8857, 21.6875, 0.00972295, 39.8688, 0.0810494, 
usi,500,300,04,0.000007,2,0,1,1,1,10, 22.5485, 0.0493047, 21.6252, 0, 0, 1, 2, 0.010657787322998047, 0.00067687034606933594, 0.0018608570098876953, 0.00069689750671386719, 1.6927719116210938e-05, 0, 0.0016293525695800781, 0.0057768821716308594, 0.10214682354537008, 0.10033868830649745, 0.001808135238872638, 3305, 3325, 19.2003, 2.18176, 6.09665, 2.21807, 3.40145, 0.00129294, 5.2762, 0.0249116, 
usi,250,150,02,0.000009,2,0,1,1,1,10, 80.0276, 0.0123963, 54.2503, 0, 0, 1, 2, 0.0047745704650878906, 0.00024485588073730469, 0.00089001655578613281, 0.00026416778564453125, 1.621246337890625e-05, 0, 0.00073719024658203125, 0.0026221275329589844, 0.038120702813692939, 0.036801923755180176, 0.0013187790585127692, 1068, 1088, 2.81758, 0.261334, 0.962738, 0.278656, 0.521315, 0.000421524, 0.783502, 0.00961304, 
usi,250,150,02,0.000004,2,0,1,1,1,10, 87.1169, 0.0128739, 57.6648, 0, 0, 1, 2, 0.0048015117645263672, 0.00024557113647460938, 0.00089430809020996094, 0.00026965141296386719, 1.5974044799804688e-05, 0, 0.0007171630859375, 0.002658843994140625, 0.036704461251045123, 0.034426901992926633, 0.0022775592581184877, 637, 657, 1.71209, 0.158578, 0.587701, 0.168915, 0.319193, 0.000247955, 0.468174, 0.00927663, 
usi,500,300,02,0.000090,2,0,1,1,1,10, 59.0382, 0.0476689, 58.8143, 0, 0, 1, 2, 0.010504245758056641, 0.00065708160400390625, 0.0018315315246582031, 0.00067687034606933594, 1.5735626220703125e-05, 0, 0.0016500949859619141, 0.0056729316711425781, 0.03949808791683266, 0.039376837436711852, 0.00012125048012081131, 10010, 10030, 58.2889, 6.57499, 18.3204, 6.7192, 10.2801, 0.00377631, 16.3606, 0.0298967, 
usi,500,300,02,0.000010,2,0,1,1,1,10, 20.5426, 0.0490301, 18.3756, 0, 0, 1, 2, 0.010578155517578125, 0.00066971778869628906, 0.0017819404602050781, 0.00069832801818847656, 1.621246337890625e-05, 0, 0.0016486644744873047, 0.0057632923126220703, 0.038698840314728464, 0.038123239253623251, 0.00057560106110520805, 2527, 2547, 14.7419, 1.68598, 4.55715, 1.70965, 2.60876, 0.000999928, 4.15468, 0.0247133, 
usi,500,300,00,0.000040,2,0,1,1,1,10, 63.4997, 0.0481164, 62.0298, 0, 0, 1, 2, 0.010534524917602539, 0.00067043304443359375, 0.0018277168273925781, 0.00068545341491699219, 1.6927719116210938e-05, 0, 0.0016102790832519531, 0.0057237148284912109, 0.0010964442237985535, 0.0009233401113092855, 0.00017310411248926811, 9879, 9899, 57.1967, 6.58072, 18.0698, 6.6635, 10.1213, 0.00380039, 15.7269, 0.0307589, 
usi,500,300,02,0.000080,2,0,1,1,1,10, 59.4291, 0.0487461, 58.7154, 0, 0, 1, 2, 0.010578155517578125, 0.0006732940673828125, 0.001850128173828125, 0.00067830085754394531, 1.621246337890625e-05, 0, 0.0016105175018310547, 0.0057497024536132812, 0.039483115948310249, 0.039346726547258432, 0.00013638940105181759, 10010, 10030, 57.8714, 6.6061, 18.3464, 6.70352, 10.2935, 0.00379848, 15.8879, 0.0302179, 
usi,250,150,10,0.000008,2,0,1,1,1,10, 59.3768, 0.0128796, 40.0725, 0, 0, 1, 2, 0.0047938823699951172, 0.00024247169494628906, 0.00089025497436523438, 0.00027704238891601562, 1.6689300537109375e-05, 0, 0.00072741508483886719, 0.0026400089263916016, 0.17441570222326847, 0.16646098143088162, 0.0079547207923868716, 754, 774, 2.00453, 0.184362, 0.688974, 0.198104, 0.366996, 0.000296593, 0.556515, 0.00928593, 
usi,250,150,10,0.000007,2,0,1,1,1,10, 81.4681, 0.0124931, 49.401, 0, 0, 1, 2, 0.0047717094421386719, 0.00024461746215820312, 0.00091075897216796875, 0.00026988983154296875, 1.6689300537109375e-05, 0, 0.00071644783020019531, 0.0026133060455322266, 0.17331601061638624, 0.16479727176485026, 0.0085187388515359994, 672, 692, 1.80169, 0.168448, 0.617911, 0.177841, 0.337192, 0.000263691, 0.490757, 0.00927496, 
usi,500,300,00,0.000090,2,0,1,1,1,10, 85.9051, 0.0498941, 76.2152, 0, 0, 1, 2, 0.010504245758056641, 0.00066518783569335938, 0.0018367767333984375, 0.000675201416015625, 1.6689300537109375e-05, 0, 0.0016012191772460938, 0.0057091712951660156, 0.001192563974017684, 0.0011155638707537874, 7.7000103263896472e-05, 9891, 9911, 57.0256, 6.54564, 18.0339, 6.60308, 10.1492, 0.00361586, 15.6599, 0.0303073, 
usi,250,150,02,0.000005,2,0,1,1,1,10, 86.4553, 0.0133383, 56.3558, 0, 0, 1, 2, 0.0047554969787597656, 0.00024247169494628906, 0.00088953971862792969, 0.00026464462280273438, 1.6450881958007812e-05, 0, 0.00072312355041503906, 0.0026192665100097656, 0.037175706248809191, 0.035223120851222957, 0.0019525853975862391, 803, 823, 2.13754, 0.19629, 0.73146, 0.209843, 0.400376, 0.000310183, 0.589918, 0.00933862, 
usi,250,150,00,0.000100,2,0,1,1,1,10, 92.1205, 0.0133588, 62.4285, 0, 0, 1, 2, 0.0048356056213378906, 0.00024914741516113281, 0.00091719627380371094, 0.00026631355285644531, 1.6689300537109375e-05, 0, 0.00071001052856445312, 0.0026762485504150391, 0.0011795193247176239, 0.0011104818903398782, 6.9037434377745494e-05, 3858, 3878, 9.98929, 0.939111, 3.40179, 1.00072, 1.91501, 0.00142694, 2.71943, 0.0117991, 
usi,500,300,04,0.000006,2,0,1,1,1,10, 23.9893, 0.0494883, 21.5215, 0, 0, 1, 2, 0.010730743408203125, 0.0006809234619140625, 0.0018112659454345703, 0.00070500373840332031, 1.6689300537109375e-05, 2.384185791015625e-07, 0.0016636848449707031, 0.0058529376983642578, 0.10185105927211718, 0.099816215726303392, 0.0020348435458137724, 2764, 2784, 16.1187, 1.84084, 4.98366, 1.87816, 2.85081, 0.00102186, 4.53941, 0.0248353, 
usi,500,300,00,0.010000,2,0,1,1,1,18, 109.483, 0.0684726, 107.91, 0, 0, 1, 2, 0.010773181915283203, 0.00068044662475585938, 0.0019228458404541016, 0.00067973136901855469, 1.621246337890625e-05, 0, 0.0016753673553466797, 0.0057985782623291016, 0.001269339164119365, 0.0012675783706894502, 1.7607934299383216e-06, 18010, 18038, 104.755, 11.8398, 32.9387, 12.0797, 18.5739, 0.0066874, 29.271, 0.045639, 
usi,250,150,02,0.000080,2,0,1,1,1,10, 75.0755, 0.0128105, 52.4943, 0, 0, 1, 2, 0.0047523975372314453, 0.00024557113647460938, 0.00090146064758300781, 0.00026631355285644531, 1.6689300537109375e-05, 0, 0.00073170661926269531, 0.0025906562805175781, 0.039715293072246971, 0.039458049780403986, 0.00025724329184298521, 4515, 4535, 11.7337, 1.08962, 3.97435, 1.17666, 2.23096, 0.00173211, 3.24813, 0.012233, 
usi,250,150,04,0.000005,2,0,1,1,1,10, 36.2214, 0.0127294, 24.1587, 0, 0, 1, 2, 0.0047247409820556641, 0.00024318695068359375, 0.00089693069458007812, 0.00026488304138183594, 1.6689300537109375e-05, 0, 0.00072741508483886719, 0.0025756359100341797, 0.096624094505151553, 0.090580702088748605, 0.0060433924164029415, 629, 649, 1.69048, 0.154175, 0.580576, 0.16381, 0.31479, 0.000255823, 0.467697, 0.00917077, 
usi,250,150,04,0.000009,2,0,1,1,1,10, 24.9693, 0.0126731, 17.769, 0, 0, 1, 2, 0.0047631263732910156, 0.00024557113647460938, 0.00089287757873535156, 0.00026559829711914062, 1.5974044799804688e-05, 0, 0.00072884559631347656, 0.0026142597198486328, 0.099680425683669818, 0.095319658955859726, 0.0043607667278100903, 1063, 1083, 2.84326, 0.260439, 0.98147, 0.279049, 0.530408, 0.000416517, 0.781902, 0.00957942, 
usi,250,150,00,0.000008,2,0,1,1,1,10, 74.4534, 0.012965, 51.6616, 0, 0, 1, 2, 0.0047872066497802734, 0.00024652481079101562, 0.00089406967163085938, 0.00026679039001464844, 1.5974044799804688e-05, 0, 0.00073194503784179688, 0.0026319026947021484, 0.00057833516217140166, 0.00027928360478879149, 0.00029905155738261022, 741, 761, 1.97625, 0.183056, 0.678971, 0.193413, 0.362692, 0.000307798, 0.548492, 0.00931764, 
usi,250,150,10,0.000100,2,0,1,1,1,10, 26.549, 0.0128379, 26.1248, 0, 0, 1, 2, 0.0048351287841796875, 0.00024867057800292969, 0.00089955329895019531, 0.00027012825012207031, 1.6450881958007812e-05, 0, 0.00074982643127441406, 0.0026504993438720703, 0.18407831103488484, 0.18303105666509095, 0.0010472543697938696, 9642, 9662, 24.8095, 2.32234, 8.34887, 2.51861, 4.67782, 0.00360608, 6.92192, 0.016351, 
usi,500,300,02,0.000006,2,0,1,1,1,10, 13.9614, 0.0486796, 13.4933, 0, 0, 1, 2, 0.010576486587524414, 0.00066709518432617188, 0.001819610595703125, 0.00070405006408691406, 1.6927719116210938e-05, 0, 0.0016474723815917969, 0.0057213306427001953, 0.038388541752049574, 0.03773583110538526, 0.00065271064666431176, 2002, 2022, 11.7041, 1.32674, 3.62757, 1.35751, 2.07153, 0.000784874, 3.29599, 0.0239532, 
usi,500,300,00,0.000100,2,0,1,1,1,10, 59.9768, 0.0479834, 59.0591, 0, 0, 1, 2, 0.010411262512207031, 0.00066065788269042969, 0.0018048286437988281, 0.00067615509033203125, 1.5974044799804688e-05, 2.384185791015625e-07, 0.0016343593597412109, 0.005619049072265625, 0.0012002535386591044, 0.0011311498942068992, 6.9103644452205202e-05, 9901, 9921, 57.738, 6.51968, 18.1762, 6.6646, 10.1736, 0.00373149, 16.1701, 0.0301261, 
usi,250,150,10,0.001000,2,0,1,1,1,14, 32.6581, 0.0148468, 31.7706, 0, 0, 1, 2, 0.0047602653503417969, 0.00024318695068359375, 0.00089788436889648438, 0.00026464462280273438, 1.5735626220703125e-05, 2.384185791015625e-07, 0.00072813034057617188, 0.0026104450225830078, 0.18502081954321137, 0.18491606931776022, 0.00010475022545118184, 11437, 11461, 29.6302, 2.72803, 10.0326, 2.97428, 5.66549, 0.00422859, 8.20608, 0.0195065, 
usi,500,300,02,0.010000,2,0,1,1,1,29, 174.428, 0.0961151, 172.865, 0, 0, 1, 2, 0.010560989379882812, 0.00067496299743652344, 0.0018489360809326172, 0.0006809234619140625, 1.621246337890625e-05, 0, 0.0016183853149414062, 0.0057215690612792969, 0.039616939040413655, 0.039615580372545534, 1.3586678682235186e-06, 29010, 29049, 168.19, 19.1601, 53.2849, 19.4768, 30.0183, 0.0109928, 46.1727, 0.0665209, 
usi,250,150,10,0.000500,2,0,1,1,1,13, 31.0449, 0.0144515, 30.9609, 0, 0, 1, 2, 0.0048239231109619141, 0.00024676322937011719, 0.00089907646179199219, 0.00026655197143554688, 1.5735626220703125e-05, 0, 0.00073575973510742188, 0.0026600360870361328, 0.18491609622146993, 0.18470663259298881, 0.00020946362848111221, 11722, 11745, 30.3864, 2.85576, 10.3088, 3.07715, 5.82446, 0.00448918, 8.29664, 0.0190532, 
usi,500,300,10,0.000040,2,0,1,1,1,10, 61.8016, 0.0483575, 60.3655, 0, 0, 1, 2, 0.01047825813293457, 0.00065922737121582031, 0.0017690658569335938, 0.00070142745971679688, 1.6927719116210938e-05, 0, 0.0016384124755859375, 0.0056931972503662109, 0.1846957521297089, 0.18396975902269042, 0.00072599310701850547, 10010, 10030, 57.7172, 6.55807, 17.8252, 6.78278, 10.276, 0.00369406, 16.2413, 0.0301816, 
usi,250,150,02,0.000003,2,0,1,1,1,10, 93.3125, 0.0127778, 57.7737, 0, 0, 1, 2, 0.0046987533569335938, 0.0002498626708984375, 0.00087070465087890625, 0.00026392936706542969, 1.5974044799804688e-05, 2.384185791015625e-07, 0.00073361396789550781, 0.0025644302368164062, 0.035984543551118242, 0.033256641235137926, 0.0027279023159803156, 591, 611, 1.59996, 0.146421, 0.547303, 0.154867, 0.299693, 0.000249624, 0.44224, 0.00918651, 
usi,250,150,02,0.001000,2,0,1,1,1,12, 69.5693, 0.0137782, 51.9403, 0, 0, 1, 2, 0.0047731399536132812, 0.00024199485778808594, 0.000911712646484375, 0.00026011466979980469, 1.5735626220703125e-05, 0, 0.000728607177734375, 0.0026149749755859375, 0.039951930370679262, 0.039931374664978106, 2.0555705701160217e-05, 8479, 8501, 21.8748, 2.02779, 7.45543, 2.19176, 4.10138, 0.0032022, 6.07899, 0.0162709, 
usi,1000,600,02,0.000006,2,0,1,1,1,10, 75.4491, 0.192449, 73.9803, 0, 0, 1, 2, 0.028399229049682617, 0.0020816326141357422, 0.0044691562652587891, 0.0022032260894775391, 1.7881393432617188e-05, 2.384185791015625e-07, 0.004604339599609375, 0.015022754669189453, 0.038841865845869489, 0.038478633658343274, 0.00036323218752621115, 4690, 4710, 72.0776, 9.73473, 20.2985, 9.52573, 11.5425, 0.00517893, 20.8937, 0.0772271, 
usi,1000,600,04,0.000090,2,0,1,1,1,15, 232.467, 0.240105, 231.049, 0, 0, 1, 2, 0.027860641479492188, 0.0020632743835449219, 0.0042898654937744141, 0.0020265579223632812, 1.6927719116210938e-05, 2.384185791015625e-07, 0.0044903755187988281, 0.01497340202331543, 0.10524216614106391, 0.10498864143377704, 0.00025352470728685645, 15010, 15035, 229.359, 30.927, 64.5139, 30.2858, 35.8664, 0.0163031, 67.6441, 0.105783, 
usi,250,150,04,0.000003,2,0,1,1,1,10, 44.0402, 0.0130193, 30.1487, 0, 0, 1, 2, 0.0047557353973388672, 0.00024199485778808594, 0.00089979171752929688, 0.00026559829711914062, 1.5735626220703125e-05, 0, 0.00072789192199707031, 0.0026047229766845703, 0.093208112591204692, 0.085998598670141466, 0.0072095139210632203, 437, 457, 1.19684, 0.107426, 0.417185, 0.114801, 0.218859, 0.000174522, 0.329384, 0.00901008, 
usi,500,300,10,0.000009,2,0,1,1,1,10, 25.0097, 0.0488448, 24.4058, 0, 0, 1, 2, 0.010396480560302734, 0.000659942626953125, 0.0017454624176025391, 0.00068521499633789062, 1.6450881958007812e-05, 0, 0.0016231536865234375, 0.0056662559509277344, 0.18235400978482236, 0.17955045200771941, 0.0028035577771029808, 4020, 4040, 23.3063, 2.66107, 7.18446, 2.73845, 4.12597, 0.00162935, 6.56923, 0.0255299, 
usi,1000,600,00,0.000005,2,0,1,1,1,10, 51.1706, 0.190449, 50.0403, 0, 0, 1, 2, 0.028733253479003906, 0.0021603107452392578, 0.0043745040893554688, 0.0021142959594726562, 1.8835067749023438e-05, 0, 0.0046694278717041016, 0.015395879745483398, 0.00048361726455807411, 0.00024360941184219922, 0.00024000785271587483, 3124, 3144, 48.5792, 6.51564, 13.6647, 6.35486, 7.74462, 0.00328636, 14.2195, 0.076616, 
usi,500,300,02,0.000050,2,0,1,1,1,10, 60.2818, 0.0495191, 59.8072, 0, 0, 1, 2, 0.010535955429077148, 0.00066733360290527344, 0.0018308162689208984, 0.00068902969360351562, 1.6450881958007812e-05, 0, 0.0016462802886962891, 0.0056860446929931641, 0.039402157571936852, 0.039184739660563364, 0.00021741791137348685, 10010, 10030, 58.3914, 6.62917, 18.2981, 6.76333, 10.3101, 0.00381351, 16.3568, 0.0301623, 
usi,250,150,04,0.000060,2,0,1,1,1,10, 56.1117, 0.0128701, 42.6432, 0, 0, 1, 2, 0.0047512054443359375, 0.00024461746215820312, 0.0008907318115234375, 0.00026202201843261719, 1.5974044799804688e-05, 0, 0.0007266998291015625, 0.0026111602783203125, 0.10436012942558207, 0.10316177268937898, 0.001198356736203076, 6635, 6655, 17.1637, 1.6041, 5.83193, 1.72072, 3.22422, 0.00250793, 4.76626, 0.0139215, 
usi,1000,600,04,0.000030,2,0,1,1,1,10, 156.403, 0.190352, 155.49, 0, 0, 1, 2, 0.027779340744018555, 0.0020794868469238281, 0.0042779445648193359, 0.0020482540130615234, 1.7881393432617188e-05, 0, 0.0044982433319091797, 0.01485753059387207, 0.10487139622817088, 0.10437333305055563, 0.0004980631776152441, 10010, 10030, 154.062, 20.5428, 43.2403, 20.4511, 24.6478, 0.0110595, 45.0867, 0.0820844, 
usi,250,150,10,0.000001,2,0,1,1,1,10, 50.9951, 0.0125852, 33.0626, 0, 0, 1, 2, 0.0047845840454101562, 0.0002460479736328125, 0.00090503692626953125, 0.00027251243591308594, 1.5974044799804688e-05, 0, 0.00073599815368652344, 0.0026090145111083984, 0.15388939660168452, 0.14725777022324249, 0.0066316263784420302, 182, 202, 0.53427, 0.0473416, 0.188642, 0.0483725, 0.0927718, 9.25064e-05, 0.148143, 0.00890684, 
usi,1000,600,04,0.000060,2,0,1,1,1,10, 157.972, 0.19173, 155.857, 0, 0, 1, 2, 0.028226852416992188, 0.0022592544555664062, 0.0043709278106689453, 0.0020756721496582031, 1.7642974853515625e-05, 0, 0.0045478343963623047, 0.014955520629882812, 0.10517460036286878, 0.10481783083501023, 0.00035676952785856019, 10010, 10030, 153.392, 20.6923, 43.1723, 20.4062, 23.9228, 0.0109923, 45.1045, 0.082618, 
usi,500,300,10,0.000005,2,0,1,1,1,10, 15.0231, 0.048404, 13.8447, 0, 0, 1, 2, 0.010729551315307617, 0.00069451332092285156, 0.0018439292907714844, 0.00069212913513183594, 1.6450881958007812e-05, 0, 0.0016834735870361328, 0.0057990550994873047, 0.18026865445010887, 0.17589627329401974, 0.0043723811560891154, 2053, 2073, 12.0692, 1.35989, 3.79194, 1.39041, 2.10909, 0.000809908, 3.39311, 0.0240023, 
usi,250,150,02,0.000030,2,0,1,1,1,10, 83.6556, 0.0127664, 55.9099, 0, 0, 1, 2, 0.0048453807830810547, 0.00024652481079101562, 0.00089502334594726562, 0.00027108192443847656, 1.5974044799804688e-05, 2.384185791015625e-07, 0.00074052810668945312, 0.0026760101318359375, 0.039289023615690581, 0.038621836924182223, 0.00066718669150835866, 2889, 2909, 7.50789, 0.700267, 2.52096, 0.756525, 1.43546, 0.00110817, 2.08254, 0.0110395, 
usi,500,300,10,0.000500,2,0,1,1,1,15, 88.1113, 0.0603497, 87.6761, 0, 0, 1, 2, 0.010344982147216797, 0.00066041946411132812, 0.0017974376678466797, 0.00067543983459472656, 1.621246337890625e-05, 0, 0.0015761852264404297, 0.0056192874908447266, 0.185361785330481, 0.1853048879064797, 5.6897424001353512e-05, 15010, 15035, 86.608, 9.91874, 27.3535, 10.0779, 15.3866, 0.00567365, 23.8256, 0.0399823, 
usi,1000,600,04,0.000500,2,0,1,1,1,12, 190.314, 0.211912, 188.53, 0, 0, 1, 2, 0.02788543701171875, 0.0020701885223388672, 0.0042498111724853516, 0.0020442008972167969, 1.6450881958007812e-05, 0, 0.0045163631439208984, 0.014988422393798828, 0.10554538383142074, 0.10536503249625698, 0.00018035133516374781, 12010, 12032, 184.497, 24.7755, 51.1126, 24.4614, 29.5982, 0.0129073, 54.4434, 0.0925493, 
usi,250,150,04,0.000010,2,0,1,1,1,10, 31.6369, 0.0127666, 22.2054, 0, 0, 1, 2, 0.0047960281372070312, 0.00024175643920898438, 0.00092530250549316406, 0.00026059150695800781, 1.5735626220703125e-05, 0, 0.00073409080505371094, 0.0026185512542724609, 0.10012496487018514, 0.096045981397208324, 0.0040789834729768075, 1124, 1144, 2.96268, 0.272968, 1.01549, 0.292108, 0.549379, 0.000447035, 0.822635, 0.0096519, 
usi,500,300,04,0.000070,2,0,1,1,1,13, 96.7681, 0.0561557, 90.3163, 0, 0, 1, 2, 0.010537147521972656, 0.00066471099853515625, 0.0017678737640380859, 0.00068378448486328125, 1.5974044799804688e-05, 0, 0.0016546249389648438, 0.0057501792907714844, 0.10436806405725024, 0.10394916735582775, 0.00041889670142248117, 13010, 13033, 74.9122, 8.53808, 23.1739, 8.69981, 13.3091, 0.00495243, 21.1506, 0.0357828, 
usi,500,300,10,0.000050,2,0,1,1,1,10, 58.7497, 0.0480118, 58.5047, 0, 0, 1, 2, 0.010667324066162109, 0.00066399574279785156, 0.0018174648284912109, 0.00069332122802734375, 1.6927719116210938e-05, 2.384185791015625e-07, 0.0016522407531738281, 0.0058231353759765625, 0.18484111078653115, 0.18425217969865437, 0.00058893108787676967, 10010, 10030, 57.9514, 6.61551, 17.8631, 6.80264, 10.3073, 0.00385451, 16.3287, 0.0302715, 
usi,250,150,04,0.000500,2,0,1,1,1,12, 94.912, 0.0136101, 72.8084, 0, 0, 1, 2, 0.0048749446868896484, 0.00025010108947753906, 0.00091075897216796875, 0.00026869773864746094, 1.621246337890625e-05, 0, 0.00072979927062988281, 0.0026993751525878906, 0.10547456754733731, 0.10531846584065413, 0.00015610170668319174, 12010, 12032, 31.0944, 2.9215, 10.5568, 3.13792, 5.96738, 0.00463152, 8.48713, 0.019089, 
usi,250,150,10,0.000070,2,0,1,1,1,10, 20.926, 0.013413, 20.8446, 0, 0, 1, 2, 0.0047426223754882812, 0.00024437904357910156, 0.00089383125305175781, 0.00026440620422363281, 1.5974044799804688e-05, 0, 0.00071835517883300781, 0.0026056766510009766, 0.18362949755150057, 0.18213343815135638, 0.0014960594001441761, 7883, 7903, 20.4063, 1.90848, 6.94053, 2.05785, 3.9092, 0.00299168, 5.57218, 0.0151074, 
usi,1000,600,02,0.000040,2,0,1,1,1,11, 170.496, 0.200234, 169.339, 0, 0, 1, 2, 0.028673410415649414, 0.0021378993988037109, 0.0043752193450927734, 0.0020992755889892578, 1.7881393432617188e-05, 0, 0.0046451091766357422, 0.015398025512695312, 0.03952609598239297, 0.039297605316468934, 0.00022849066592403415, 11010, 11031, 168.538, 22.7902, 47.3669, 22.3611, 26.2919, 0.012141, 49.6271, 0.0882113, 
usi,250,150,00,0.000009,2,0,1,1,1,10, 82.1551, 0.0126996, 51.1005, 0, 0, 1, 2, 0.0047543048858642578, 0.00024533271789550781, 0.00089907646179199219, 0.00026273727416992188, 1.5735626220703125e-05, 0, 0.00072765350341796875, 0.0026037693023681641, 0.00061451306347080794, 0.00029920418414895549, 0.00031530887932185251, 771, 791, 2.04299, 0.188873, 0.702954, 0.199462, 0.374345, 0.000297546, 0.567693, 0.00936151, 
usi,500,300,04,0.000500,2,0,1,1,1,18, 107.951, 0.0677869, 106.854, 0, 0, 1, 2, 0.010596990585327148, 0.00067901611328125, 0.0018134117126464844, 0.00070142745971679688, 1.6450881958007812e-05, 0, 0.0016381740570068359, 0.0057485103607177734, 0.10473876682969077, 0.1046522210304458, 8.6545799244968567e-05, 18010, 18038, 104.276, 11.9767, 32.9556, 12.1608, 18.4794, 0.00685954, 28.6508, 0.0454683, 
usi,500,300,10,0.000020,2,0,1,1,1,10, 58.7599, 0.0479865, 58.52, 0, 0, 1, 2, 0.010496377944946289, 0.00064969062805175781, 0.0018711090087890625, 0.00067496299743652344, 1.5497207641601562e-05, 0, 0.0016214847564697266, 0.0056636333465576172, 0.18398145923904, 0.18256930267968963, 0.0014121565593503403, 10010, 10030, 58.0581, 6.53156, 18.2654, 6.70437, 10.2271, 0.00375628, 16.2963, 0.0296447, 
usi,500,300,02,0.000008,2,0,1,1,1,10, 22.0833, 0.0491955, 18.6715, 0, 0, 1, 2, 0.010668754577636719, 0.00068807601928710938, 0.0018429756164550781, 0.00069451332092285156, 1.7404556274414062e-05, 2.384185791015625e-07, 0.0016407966613769531, 0.0057847499847412109, 0.038567980631954837, 0.037968453379980255, 0.0005995272519745869, 2402, 2422, 13.9952, 1.60105, 4.43077, 1.61851, 2.46853, 0.000917912, 3.85113, 0.0243087, 
usi,500,300,02,0.000001,2,0,1,1,1,10, 6.95581, 0.048641, 6.00265, 0, 0, 1, 2, 0.010451316833496094, 0.00066328048706054688, 0.0018405914306640625, 0.00068140029907226562, 1.5735626220703125e-05, 0, 0.0015881061553955078, 0.0056622028350830078, 0.036260863219913009, 0.03408943739298069, 0.0021714258269323258, 733, 753, 4.36731, 0.49518, 1.38958, 0.498014, 0.75625, 0.000310421, 1.20487, 0.0231109, 
usi,1000,600,02,0.000030,2,0,1,1,1,10, 156.074, 0.190606, 155.043, 0, 0, 1, 2, 0.027729511260986328, 0.0020699501037597656, 0.0042722225189208984, 0.0020546913146972656, 1.6450881958007812e-05, 2.384185791015625e-07, 0.0044877529144287109, 0.014828205108642578, 0.039462054263179308, 0.039131495611965189, 0.00033055865121411985, 10010, 10030, 154.004, 20.6718, 43.158, 20.4061, 24.6278, 0.0111167, 45.0472, 0.0822647, 
usi,250,150,04,0.000008,2,0,1,1,1,10, 32.8411, 0.0126317, 22.8243, 0, 0, 1, 2, 0.0047807693481445312, 0.000244140625, 0.00089263916015625, 0.00026488304138183594, 1.5735626220703125e-05, 0, 0.00073075294494628906, 0.0026326179504394531, 0.099147497412573185, 0.094456117673404671, 0.0046913797391685066, 966, 986, 2.55499, 0.237008, 0.874298, 0.252386, 0.47052, 0.000369549, 0.710809, 0.00959492, 
usi,250,150,02,0.000020,2,0,1,1,1,10, 71.1531, 0.0131791, 49.5394, 0, 0, 1, 2, 0.0045998096466064453, 0.00024080276489257812, 0.00085163116455078125, 0.00025892257690429688, 1.5497207641601562e-05, 0, 0.00071954727172851562, 0.0025134086608886719, 0.038975481079436484, 0.038105229271551015, 0.00087025180788547342, 2137, 2157, 5.56835, 0.519242, 1.87156, 0.556331, 1.06412, 0.00079298, 1.54588, 0.0104222, 
usi,500,300,04,0.000002,2,0,1,1,1,10, 5.65131, 0.0477142, 5.4233, 0, 0, 1, 2, 0.010559797286987305, 0.00065898895263671875, 0.0018367767333984375, 0.00067400932312011719, 1.621246337890625e-05, 2.384185791015625e-07, 0.0016531944274902344, 0.0057203769683837891, 0.098358427277427635, 0.093799566138878493, 0.0045588611385491591, 907, 927, 5.32511, 0.601575, 1.69243, 0.605244, 0.892173, 0.000366449, 1.51044, 0.022882, 
usi,250,150,02,0.000040,2,0,1,1,1,10, 68.4547, 0.0126338, 47.3573, 0, 0, 1, 2, 0.0047430992126464844, 0.00024294853210449219, 0.00088810920715332031, 0.00026702880859375, 1.621246337890625e-05, 0, 0.00072550773620605469, 0.0026032924652099609, 0.039458096791752183, 0.038944823875928181, 0.00051327291582399341, 3466, 3486, 9.01351, 0.838347, 3.05448, 0.902333, 1.71744, 0.00131392, 2.48823, 0.0113637, 
usi,500,300,10,0.000090,2,0,1,1,1,12, 70.3067, 0.0528388, 69.9692, 0, 0, 1, 2, 0.010547637939453125, 0.00065946578979492188, 0.0017976760864257812, 0.00069141387939453125, 1.621246337890625e-05, 2.384185791015625e-07, 0.0016355514526367188, 0.0057470798492431641, 0.18509813136525383, 0.18477236438145966, 0.00032576698379416767, 12010, 12032, 69.1511, 7.85273, 21.373, 8.08835, 12.3236, 0.00456619, 19.4749, 0.0338953, 
usi,1000,600,00,0.001000,2,0,1,1,1,16, 247.633, 0.249652, 246.536, 0, 0, 1, 2, 0.027908802032470703, 0.0021009445190429688, 0.0042688846588134766, 0.00203704833984375, 1.6450881958007812e-05, 2.384185791015625e-07, 0.004497528076171875, 0.014987707138061523, 0.0012746805019385177, 0.0012669168127296909, 7.7636892088384835e-06, 16010, 16036, 245.229, 33.2475, 68.8372, 32.5076, 38.2325, 0.0173557, 72.2749, 0.11197, 
usi,500,300,10,0.000001,2,0,1,1,1,10, 3.98775, 0.048588, 3.46834, 0, 0, 1, 2, 0.010768413543701172, 0.00066852569580078125, 0.0018048286437988281, 0.00068330764770507812, 1.5974044799804688e-05, 0, 0.0016636848449707031, 0.0059320926666259766, 0.16829786103136718, 0.15753304477718269, 0.010764816254184503, 447, 467, 2.69473, 0.303185, 0.843582, 0.301298, 0.461755, 0.000188112, 0.762204, 0.0225213, 
usi,250,150,04,0.001000,2,0,1,1,1,18, 102.13, 0.0183308, 82.3619, 0, 0, 1, 2, 0.0046977996826171875, 0.00024509429931640625, 0.00088024139404296875, 0.00026488304138183594, 1.621246337890625e-05, 2.384185791015625e-07, 0.00071597099304199219, 0.0025751590728759766, 0.10555163478629682, 0.10547594593407421, 7.56888522225978e-05, 18010, 18038, 46.3472, 4.34555, 15.7631, 4.66751, 8.88742, 0.00652122, 12.6514, 0.0257757, 
usi,250,150,00,0.000002,2,0,1,1,1,10, 16.6419, 0.0122278, 12.1256, 0, 0, 1, 2, 0.0047235488891601562, 0.00024557113647460938, 0.00088834762573242188, 0.00027394294738769531, 1.5020370483398438e-05, 0, 0.00071740150451660156, 0.0025832653045654297, 0.00027385989931825788, 0.00011967331309095573, 0.00015418658622730217, 363, 383, 1.00054, 0.0911632, 0.351207, 0.0946548, 0.177405, 0.000147104, 0.276909, 0.00905037, 
usi,500,300,04,0.000020,2,0,1,1,1,10, 60.9145, 0.0475292, 59.7349, 0, 0, 1, 2, 0.010462284088134766, 0.00068211555480957031, 0.0017535686492919922, 0.00068116188049316406, 1.6450881958007812e-05, 0, 0.0016205310821533203, 0.0057084560394287109, 0.10351216678895142, 0.10256090297887996, 0.00095126381007145234, 9900, 9920, 57.2434, 6.50984, 17.6872, 6.70392, 10.2049, 0.00375009, 16.1039, 0.0298166, 
usi,500,300,04,0.000005,2,0,1,1,1,10, 17.4683, 0.0488651, 16.6428, 0, 0, 1, 2, 0.01078033447265625, 0.00068068504333496094, 0.00185394287109375, 0.00070309638977050781, 1.6927719116210938e-05, 0, 0.0016870498657226562, 0.0058386325836181641, 0.10145241724933726, 0.099105796206611238, 0.002346621042726039, 2632, 2652, 15.4368, 1.75234, 4.85219, 1.77751, 2.69757, 0.00101566, 4.33187, 0.0243354, 
usi,500,300,04,0.001000,2,0,1,1,1,10, 60.3245, 0.0492587, 59.3167, 0, 0, 1, 2, 0.010449409484863281, 0.00065970420837402344, 0.0018084049224853516, 0.00066423416137695312, 1.52587890625e-05, 0, 0.0016169548034667969, 0.0056848526000976562, 0.10485291139488584, 0.10472655867002748, 0.00012635272485834027, 10010, 10030, 57.6846, 6.58888, 18.2657, 6.6792, 9.83083, 0.00376177, 16.2859, 0.030364, 
usi,250,150,02,0.000006,2,0,1,1,1,10, 101.121, 0.0127068, 67.0045, 0, 0, 1, 2, 0.0047547817230224609, 0.00024962425231933594, 0.00089311599731445312, 0.00026583671569824219, 1.5974044799804688e-05, 0, 0.00072622299194335938, 0.0026040077209472656, 0.037509868330884759, 0.035791090473274556, 0.0017187778576102063, 860, 880, 2.2913, 0.210805, 0.782535, 0.224893, 0.429994, 0.000329733, 0.633309, 0.00943518, 
usi,500,300,00,0.000001,2,0,1,1,1,10, 6.69398, 0.0503588, 5.23676, 0, 0, 1, 2, 0.010797262191772461, 0.00066995620727539062, 0.0019023418426513672, 0.00070166587829589844, 1.5735626220703125e-05, 0, 0.0016281604766845703, 0.0058794021606445312, 0.00020323706402683309, 9.2946087112652867e-05, 0.00011029097691418021, 544, 564, 3.28876, 0.369125, 1.03948, 0.369763, 0.562866, 0.000218391, 0.924096, 0.0232115, 
usi,500,300,02,0.000007,2,0,1,1,1,10, 12.9096, 0.0475996, 12.6998, 0, 0, 1, 2, 0.010553359985351562, 0.00066590309143066406, 0.0017831325531005859, 0.00069665908813476562, 1.6927719116210938e-05, 0, 0.0016398429870605469, 0.0057508945465087891, 0.038486576006213906, 0.03786587636858204, 0.00062069963763186436, 2128, 2148, 12.3734, 1.40684, 3.83261, 1.43536, 2.18964, 0.000826836, 3.48441, 0.0236979, 
usi,1000,600,04,0.000100,2,0,1,1,1,14, 218.579, 0.229322, 217.161, 0, 0, 1, 2, 0.027750730514526367, 0.0020947456359863281, 0.0042710304260253906, 0.0020625591278076172, 1.6689300537109375e-05, 0, 0.0044765472412109375, 0.014829158782958984, 0.10524891291583527, 0.10501446264561926, 0.00023445027021600903, 14010, 14034, 215.47, 29.0714, 60.3095, 28.8481, 34.2326, 0.0156052, 62.8909, 0.101741, 
usi,250,150,10,0.000060,2,0,1,1,1,10, 19.2418, 0.0120702, 19.1608, 0, 0, 1, 2, 0.0047636032104492188, 0.00023961067199707031, 0.00089120864868164062, 0.00026106834411621094, 1.5735626220703125e-05, 0, 0.00072383880615234375, 0.00263214111328125, 0.18338015674488456, 0.18163473415221829, 0.0017454225926662537, 7263, 7283, 18.7012, 1.73005, 6.37579, 1.87039, 3.50591, 0.00278306, 5.20182, 0.0144618, 
usi,250,150,02,0.000070,2,0,1,1,1,10, 70.0649, 0.0134168, 49.6577, 0, 0, 1, 2, 0.0046985149383544922, 0.00023913383483886719, 0.00090074539184570312, 0.00026011466979980469, 1.5735626220703125e-05, 2.384185791015625e-07, 0.0007152557373046875, 0.002567291259765625, 0.039678548157609225, 0.039384556556030445, 0.00029399160157878663, 4480, 4500, 11.5699, 1.07452, 3.88881, 1.15782, 2.21597, 0.00164652, 3.2189, 0.0122278, 
usi,500,300,04,0.000050,2,0,1,1,1,10, 83.8937, 0.0488214, 74.2538, 0, 0, 1, 2, 0.010359525680541992, 0.00066065788269042969, 0.0017912387847900391, 0.0006847381591796875, 1.5974044799804688e-05, 0, 0.0016226768493652344, 0.0055842399597167969, 0.10420740599468666, 0.10364090300183595, 0.00056650299285070592, 10010, 10030, 57.8242, 6.56022, 18.3193, 6.69945, 9.87272, 0.00387311, 16.3382, 0.0303936, 
usi,250,150,02,0.000500,2,0,1,1,1,10, 74.9813, 0.0131693, 58.087, 0, 0, 1, 2, 0.0047781467437744141, 0.00024342536926269531, 0.00088906288146972656, 0.00026679039001464844, 1.5497207641601562e-05, 0, 0.00072836875915527344, 0.0026350021362304688, 0.039931353197353976, 0.039890171767015821, 4.1181430338148116e-05, 9449, 9469, 24.448, 2.27142, 8.27433, 2.45471, 4.66313, 0.00353265, 6.76491, 0.0159903, 
usi,250,150,04,0.000090,2,0,1,1,1,10, 85.8795, 0.013211, 63.1803, 0, 0, 1, 2, 0.0047600269317626953, 0.00024318695068359375, 0.00089478492736816406, 0.0002651214599609375, 1.621246337890625e-05, 0, 0.00072550773620605469, 0.0026152133941650391, 0.10477237185672814, 0.10391967835737592, 0.00085269349935220744, 9645, 9665, 24.9881, 2.3083, 8.46296, 2.5111, 4.78252, 0.00365925, 6.90321, 0.0163743, 
usi,250,150,04,0.000006,2,0,1,1,1,10, 48.2299, 0.012701, 31.465, 0, 0, 1, 2, 0.0048358440399169922, 0.0002841949462890625, 0.00087618827819824219, 0.00026440620422363281, 1.5974044799804688e-05, 0, 0.00073146820068359375, 0.0026636123657226562, 0.097678772873472153, 0.092157225785694241, 0.0055215470877779246, 750, 770, 1.9959, 0.184068, 0.676131, 0.197469, 0.374103, 0.000300169, 0.554432, 0.00939584, 
usi,250,150,02,0.000002,2,0,1,1,1,10, 107.599, 0.0134182, 70.3258, 0, 0, 1, 2, 0.0047698020935058594, 0.00024342536926269531, 0.00089192390441894531, 0.00026440620422363281, 1.621246337890625e-05, 0, 0.00073790550231933594, 0.0026159286499023438, 0.034760973906849707, 0.031491383900108597, 0.0032695900067411178, 435, 455, 1.18918, 0.108474, 0.410851, 0.114815, 0.214187, 0.000170708, 0.331541, 0.0091393, 
usi,250,150,10,0.000090,2,0,1,1,1,10, 29.969, 0.0125132, 28.436, 0, 0, 1, 2, 0.0047457218170166016, 0.0002460479736328125, 0.00089359283447265625, 0.00026345252990722656, 1.5974044799804688e-05, 2.384185791015625e-07, 0.000728607177734375, 0.002597808837890625, 0.18396195197814827, 0.18279834301145431, 0.0011636089666939601, 9336, 9356, 24.1303, 2.24942, 8.19136, 2.42279, 4.53794, 0.00362468, 6.70915, 0.0160115, 
usi,500,300,02,0.001000,2,0,1,1,1,21, 123.535, 0.0757802, 122.494, 0, 0, 1, 2, 0.010603189468383789, 0.00066399574279785156, 0.0018684864044189453, 0.00068974494934082031, 1.5974044799804688e-05, 0, 0.0016329288482666016, 0.0057320594787597656, 0.039607190436248649, 0.039596352675906311, 1.0837760342344104e-05, 20803, 20834, 120.182, 13.7061, 37.1312, 14.0334, 21.4328, 0.00770998, 33.8202, 0.0509293, 
usi,500,300,02,0.000070,2,0,1,1,1,10, 60.0521, 0.0487068, 59.258, 0, 0, 1, 2, 0.010552883148193359, 0.00067687034606933594, 0.0018384456634521484, 0.00067901611328125, 1.5974044799804688e-05, 2.384185791015625e-07, 0.0016179084777832031, 0.0057244300842285156, 0.0394638531642416, 0.039306617714880643, 0.00015723544936095823, 10010, 10030, 57.9683, 6.67548, 18.3119, 6.71413, 10.3056, 0.0037322, 15.9272, 0.0301888, 
usi,1000,600,00,0.000010,2,0,1,1,1,10, 101.021, 0.193155, 99.9056, 0, 0, 1, 2, 0.028516054153442383, 0.0021462440490722656, 0.0045101642608642578, 0.0020508766174316406, 1.7881393432617188e-05, 0, 0.0046033859252929688, 0.015187501907348633, 0.00067998602191700677, 0.0003496117403064663, 0.00033037428161054015, 6396, 6416, 98.6292, 13.2504, 27.7882, 13.0465, 15.7697, 0.00707269, 28.6875, 0.079633, 
usi,1000,600,02,0.000080,2,0,1,1,1,14, 217.91, 0.231916, 216.837, 0, 0, 1, 2, 0.027826070785522461, 0.0020925998687744141, 0.0043020248413085938, 0.0020358562469482422, 2.2172927856445312e-05, 0, 0.0044956207275390625, 0.014877796173095703, 0.039626824478263031, 0.03952114761535637, 0.00010567686290665914, 14010, 14034, 215.437, 29.1931, 60.3292, 28.3128, 34.4955, 0.015429, 62.9895, 0.101362, 
usi,500,300,02,0.000040,2,0,1,1,1,10, 62.3595, 0.049185, 60.8888, 0, 0, 1, 2, 0.010472297668457031, 0.00066804885864257812, 0.0018031597137451172, 0.00068044662475585938, 1.6927719116210938e-05, 0, 0.0016319751739501953, 0.0056717395782470703, 0.039348193750454494, 0.039077670846258669, 0.00027052290419581857, 10010, 10030, 58.4592, 6.63343, 18.3412, 6.76392, 10.3291, 0.00373816, 16.3575, 0.0303102, 
usi,1000,600,00,0.000009,2,0,1,1,1,10, 90.1026, 0.191301, 89.2732, 0, 0, 1, 2, 0.027795791625976562, 0.0020728111267089844, 0.0042846202850341797, 0.0020451545715332031, 1.71661376953125e-05, 0, 0.0044960975646972656, 0.014879941940307617, 0.00064597747718213414, 0.0003307639724672656, 0.0003152135047148687, 5738, 5758, 88.4445, 11.9128, 24.7497, 11.7015, 14.0937, 0.00635791, 25.9011, 0.079354, 
usi,1000,600,10,0.000500,2,0,1,1,1,16, 250.852, 0.249351, 249.212, 0, 0, 1, 2, 0.027987480163574219, 0.0020830631256103516, 0.0043115615844726562, 0.0020403861999511719, 1.6927719116210938e-05, 0, 0.0045084953308105469, 0.015027046203613281, 0.18541078110137421, 0.18539654977954709, 1.4231321827079226e-05, 15983, 16009, 244.365, 32.8423, 68.6306, 32.4611, 38.1706, 0.017781, 72.1315, 0.110917, 
usi,250,150,10,0.010000,2,0,1,1,1,22, 55.1101, 0.0195704, 53.572, 0, 0, 1, 2, 0.0046825408935546875, 0.00024151802062988281, 0.00087571144104003906, 0.00026345252990722656, 1.52587890625e-05, 0, 0.00071835517883300781, 0.0025682449340820312, 0.18511507185187981, 0.18510452324426405, 1.054860761554271e-05, 19542, 19574, 50.4372, 4.70145, 17.0894, 5.11514, 9.46662, 0.0073123, 14.0283, 0.0290806, 
usi,250,150,10,0.000003,2,0,1,1,1,10, 69.404, 0.0130203, 42.9943, 0, 0, 1, 2, 0.0047214031219482422, 0.00024342536926269531, 0.00087618827819824219, 0.00026178359985351562, 1.6450881958007812e-05, 0, 0.00071763992309570312, 0.0026059150695800781, 0.16465122985950226, 0.15308748475530595, 0.011563745104196319, 310, 330, 0.865451, 0.0782707, 0.301013, 0.0817227, 0.156314, 0.000127077, 0.239127, 0.0088768, 
usi,1000,600,10,0.010000,2,0,1,1,1,14, 217.51, 0.229366, 216.219, 0, 0, 1, 2, 0.027855396270751953, 0.0020627975463867188, 0.0043187141418457031, 0.0020473003387451172, 1.71661376953125e-05, 0, 0.0044300556182861328, 0.014979362487792969, 0.18542453522055594, 0.18542358684640184, 9.4837415428746281e-07, 14010, 14034, 214.63, 28.8808, 60.6443, 28.4907, 34.4094, 0.0154996, 62.0879, 0.101319, 
usi,500,300,10,0.000100,2,0,1,1,1,12, 69.9159, 0.0533156, 69.689, 0, 0, 1, 2, 0.010481357574462891, 0.00065255165100097656, 0.0017778873443603516, 0.00067377090454101562, 1.5974044799804688e-05, 0, 0.0016245841979980469, 0.0057365894317626953, 0.18513052935246238, 0.18483604647222851, 0.00029448288023384723, 12010, 12032, 69.1986, 7.86179, 21.4126, 8.09035, 12.3288, 0.00459146, 19.4669, 0.0335076, 
usi,250,150,10,0.000002,2,0,1,1,1,10, 63.4275, 0.0128281, 43.3122, 0, 0, 1, 2, 0.0047674179077148438, 0.00025081634521484375, 0.00092077255249023438, 0.0002574920654296875, 1.52587890625e-05, 0, 0.00071763992309570312, 0.002605438232421875, 0.16000672883161338, 0.1490339235047583, 0.010972805326855087, 230, 250, 0.656981, 0.0586543, 0.230595, 0.0607693, 0.116086, 8.86917e-05, 0.181945, 0.0088439, 
usi,250,150,00,0.000030,2,0,1,1,1,10, 100.039, 0.0123217, 65.9764, 0, 0, 1, 2, 0.0047292709350585938, 0.00024390220642089844, 0.00087380409240722656, 0.00026488304138183594, 1.5974044799804688e-05, 0, 0.00072741508483886719, 0.0026032924652099609, 0.0010184440545543693, 0.00078833048951490339, 0.00023011356503946611, 2837, 2857, 7.36225, 0.687903, 2.50843, 0.732541, 1.37492, 0.00108886, 2.04647, 0.0109069, 
usi,1000,600,04,0.000007,2,0,1,1,1,10, 123.163, 0.188789, 122.29, 0, 0, 1, 2, 0.027756452560424805, 0.0020949840545654297, 0.0042903423309326172, 0.0020439624786376953, 1.6689300537109375e-05, 0, 0.0044376850128173828, 0.01487278938293457, 0.10406297764426503, 0.10340775265831835, 0.00065522498594670019, 7916, 7936, 121.589, 16.4721, 34.1571, 16.1083, 19.55, 0.00874066, 35.2124, 0.080493, 
usi,250,150,02,0.000060,2,0,1,1,1,10, 74.6219, 0.0126371, 53.1392, 0, 0, 1, 2, 0.0047676563262939453, 0.00024342536926269531, 0.00090670585632324219, 0.00026011466979980469, 1.5974044799804688e-05, 0, 0.00072741508483886719, 0.0026140213012695312, 0.039629554938367742, 0.03928656654394623, 0.00034298839442151933, 4278, 4298, 11.0924, 1.03456, 3.77283, 1.11157, 2.07627, 0.00162315, 3.08339, 0.0121348, 
usi,250,150,00,0.000500,2,0,1,1,1,10, 102.492, 0.0124426, 72.1293, 0, 0, 1, 2, 0.0047600269317626953, 0.00024199485778808594, 0.00089287757873535156, 0.00026273727416992188, 1.6689300537109375e-05, 2.384185791015625e-07, 0.000728607177734375, 0.00261688232421875, 0.0012347451341245827, 0.0012209317460328099, 1.3813388091774303e-05, 6423, 6443, 16.6654, 1.55653, 5.63976, 1.66688, 3.18701, 0.00236845, 4.59901, 0.0138295, 
usi,500,300,00,0.000070,2,0,1,1,1,10, 81.2394, 0.0499938, 74.1558, 0, 0, 1, 2, 0.010165214538574219, 0.00066423416137695312, 0.0017306804656982422, 0.0006771087646484375, 1.6927719116210938e-05, 2.384185791015625e-07, 0.0015769004821777344, 0.0054991245269775391, 0.0011705937081938045, 0.0010716652797755511, 9.8928428418253522e-05, 9637, 9657, 55.5025, 6.37352, 17.5749, 6.43882, 9.84666, 0.00366116, 15.2352, 0.0297797, 
usi,250,150,04,0.000100,2,0,1,1,1,10, 77.5835, 0.0133457, 60.8623, 0, 0, 1, 2, 0.0048677921295166016, 0.00024509429931640625, 0.00095963478088378906, 0.000263214111328125, 1.6927719116210938e-05, 2.384185791015625e-07, 0.00072622299194335938, 0.0026564598083496094, 0.10485794993438211, 0.10408625465351498, 0.00077169528086711958, 10010, 10030, 25.7827, 2.39748, 8.76003, 2.58732, 4.97028, 0.00379729, 7.04704, 0.0167539, 
usi,500,300,10,0.000004,2,0,1,1,1,10, 14.9465, 0.0483258, 13.1506, 0, 0, 1, 2, 0.010403156280517578, 0.00065898895263671875, 0.0017862319946289062, 0.00068020820617675781, 1.621246337890625e-05, 0, 0.0016188621520996094, 0.0056426525115966797, 0.1792130494197656, 0.17410981320234026, 0.0051032362174253014, 1628, 1648, 9.46957, 1.07261, 2.93993, 1.09252, 1.67176, 0.00062561, 2.66856, 0.0235696, 
usi,500,300,00,0.000020,2,0,1,1,1,10, 45.6996, 0.0488796, 44.6717, 0, 0, 1, 2, 0.010763645172119141, 0.0006809234619140625, 0.001861572265625, 0.00070714950561523438, 1.71661376953125e-05, 0, 0.0016896724700927734, 0.0058071613311767578, 0.00092342876495130565, 0.0005773286246565821, 0.00034610014029472333, 7408, 7428, 43.0708, 4.93874, 13.5887, 5.02695, 7.31465, 0.00290346, 12.1702, 0.0286119, 
usi,500,300,00,0.000009,2,0,1,1,1,10, 12.5951, 0.0485611, 12.0937, 0, 0, 1, 2, 0.010479211807250977, 0.00066614151000976562, 0.0017731189727783203, 0.00068235397338867188, 1.5974044799804688e-05, 0, 0.0016317367553710938, 0.0057098865509033203, 0.0006345051501689613, 0.00031930087590176942, 0.00031520427426719183, 1875, 1895, 10.9583, 1.24793, 3.3957, 1.27155, 1.93583, 0.000742435, 3.08273, 0.0238736, 
usi,1000,600,00,0.000500,2,0,1,1,1,15, 232.904, 0.237274, 231.575, 0, 0, 1, 2, 0.027869701385498047, 0.0020871162414550781, 0.0042667388916015625, 0.0020384788513183594, 1.6689300537109375e-05, 0, 0.0044963359832763672, 0.01496434211730957, 0.0012684527833178535, 0.0012491586614776034, 1.9294121840244804e-05, 15010, 15035, 230.044, 31.1118, 64.6554, 30.4727, 35.8704, 0.0173938, 67.8094, 0.10739, 
usi,1000,600,02,0.000060,2,0,1,1,1,12, 188.116, 0.209528, 186.644, 0, 0, 1, 2, 0.027942180633544922, 0.0020916461944580078, 0.0042388439178466797, 0.0020437240600585938, 1.6450881958007812e-05, 2.384185791015625e-07, 0.0044994354248046875, 0.015051841735839844, 0.039595715601662487, 0.03942876776009982, 0.00016694784156267539, 12010, 12032, 184.145, 24.9149, 50.95, 24.4168, 29.5329, 0.0132167, 54.2237, 0.093153, 
usi,250,150,02,0.000050,2,0,1,1,1,10, 77.215, 0.0126309, 54.6534, 0, 0, 1, 2, 0.0047612190246582031, 0.00024461746215820312, 0.00088191032409667969, 0.00026464462280273438, 1.5974044799804688e-05, 0, 0.00073122978210449219, 0.0026228427886962891, 0.039560964425232853, 0.039149411081121063, 0.00041155334411179759, 3884, 3904, 10.0921, 0.945363, 3.38839, 1.01372, 1.93184, 0.00149846, 2.79934, 0.0118961, 
usi,500,300,04,0.000040,2,0,1,1,1,10, 63.0202, 0.0486741, 61.1499, 0, 0, 1, 2, 0.010627508163452148, 0.00068426132202148438, 0.0017719268798828125, 0.00069856643676757812, 1.5974044799804688e-05, 0, 0.0016512870788574219, 0.0058054924011230469, 0.10407165169177957, 0.10340953305315138, 0.00066211863862816723, 10010, 10030, 57.9526, 6.65014, 17.8495, 6.80708, 10.2918, 0.00370431, 16.3203, 0.0301847, 
usi,500,300,00,0.000030,2,0,1,1,1,10, 56.9965, 0.0490053, 56.5021, 0, 0, 1, 2, 0.010572910308837891, 0.000667572021484375, 0.0018312931060791016, 0.00068449974060058594, 1.5974044799804688e-05, 0, 0.0016570091247558594, 0.0057165622711181641, 0.0010387723947351808, 0.00080802333633540251, 0.00023074905839977816, 9538, 9558, 55.3513, 6.35669, 17.0957, 6.45138, 9.83732, 0.00422359, 15.5756, 0.0303876, 
usi,500,300,02,0.000009,2,0,1,1,1,10, 22.8821, 0.04953, 19.7369, 0, 0, 1, 2, 0.010598659515380859, 0.00066637992858886719, 0.0017714500427246094, 0.00068402290344238281, 1.5974044799804688e-05, 0, 0.0016677379608154297, 0.0057930946350097656, 0.038637714467375933, 0.03805249860057671, 0.00058521586679921968, 2495, 2515, 14.5943, 1.66521, 4.49895, 1.68415, 2.57382, 0.000932932, 4.14643, 0.0247862, 
usi,500,300,04,0.000003,2,0,1,1,1,10, 11.4841, 0.0498581, 10.5966, 0, 0, 1, 2, 0.01064610481262207, 0.00067734718322753906, 0.0018014907836914062, 0.00068759918212890625, 1.6927719116210938e-05, 0, 0.0016810894012451172, 0.0057816505432128906, 0.099981032800278313, 0.096511688179389862, 0.0034693446208884527, 1490, 1510, 8.76744, 0.999663, 2.71971, 1.01048, 1.53524, 0.000578165, 2.47798, 0.0237937, 
usi,1000,600,00,0.000070,2,0,1,1,1,11, 172.708, 0.200718, 171.555, 0, 0, 1, 2, 0.027817726135253906, 0.0020718574523925781, 0.0042529106140136719, 0.002056121826171875, 1.8358230590820312e-05, 0, 0.00450897216796875, 0.014909505844116211, 0.0011828542843084302, 0.0010914723290215171, 9.1381955286912072e-05, 11010, 11031, 170.2, 22.777, 47.3538, 22.5217, 27.7376, 0.0114465, 49.7108, 0.0882659, 
usi,250,150,00,0.000010,2,0,1,1,1,10, 73.7971, 0.0128918, 47.8345, 0, 0, 1, 2, 0.0047643184661865234, 0.00024914741516113281, 0.00089478492736816406, 0.00026535987854003906, 1.5974044799804688e-05, 0, 0.00073027610778808594, 0.0026087760925292969, 0.00064852309385804126, 0.00031817828564845044, 0.00033034480820959088, 856, 876, 2.26618, 0.211257, 0.776374, 0.222642, 0.416208, 0.000338078, 0.629913, 0.00944591, 
usi,500,300,04,0.000001,2,0,1,1,1,10, 9.6009, 0.0483694, 7.34594, 0, 0, 1, 2, 0.010547637939453125, 0.000667572021484375, 0.0018305778503417969, 0.00068640708923339844, 1.6927719116210938e-05, 0, 0.0015892982482910156, 0.0057568550109863281, 0.094513802801047458, 0.088016089363270475, 0.0064977134377769818, 547, 567, 3.27164, 0.367954, 1.05264, 0.366338, 0.562034, 0.000226498, 0.899908, 0.0225389, 
usi,500,300,00,0.000003,2,0,1,1,1,10, 5.45966, 0.0481119, 5.1329, 0, 0, 1, 2, 0.010377645492553711, 0.00066423416137695312, 0.0018126964569091797, 0.00067353248596191406, 1.5497207641601562e-05, 2.384185791015625e-07, 0.0015845298767089844, 0.0056269168853759766, 0.00036333646377523503, 0.00017535387358868189, 0.00018798259018655312, 796, 816, 4.70403, 0.53765, 1.49325, 0.536254, 0.816615, 0.000323296, 1.29678, 0.0231569, 
usi,500,300,10,0.000010,2,0,1,1,1,10, 29.6996, 0.0493059, 28.6647, 0, 0, 1, 2, 0.010546445846557617, 0.00066351890563964844, 0.0018663406372070312, 0.00068259239196777344, 1.5735626220703125e-05, 0, 0.0016460418701171875, 0.0056722164154052734, 0.18263697686531438, 0.1800664945276369, 0.0025704823376774639, 4651, 4671, 27.0045, 3.03755, 8.50111, 3.11256, 4.76443, 0.00179505, 7.56111, 0.0259774, 
usi,250,150,04,0.000040,2,0,1,1,1,10, 40.2935, 0.0126209, 30.4639, 0, 0, 1, 2, 0.0048108100891113281, 0.00024127960205078125, 0.00091481208801269531, 0.00026082992553710938, 1.5974044799804688e-05, 0, 0.00073146820068359375, 0.0026464462280273438, 0.10379398060444366, 0.1021947649461782, 0.0015992156582654636, 4425, 4445, 11.485, 1.05766, 3.89462, 1.14939, 2.18968, 0.00165224, 3.17981, 0.0121853, 
usi,250,150,10,0.000020,2,0,1,1,1,10, 51.0527, 0.0125179, 34.7599, 0, 0, 1, 2, 0.0047476291656494141, 0.00024080276489257812, 0.00086808204650878906, 0.0002574920654296875, 1.5974044799804688e-05, 0, 0.00074362754821777344, 0.0026216506958007812, 0.1800706509707978, 0.17552260130699138, 0.0045480496638064128, 1993, 2013, 5.18949, 0.481665, 1.74804, 0.516964, 0.989685, 0.000742674, 1.44219, 0.0101957, 
usi,250,150,00,0.000020,2,0,1,1,1,10, 94.0927, 0.0129952, 61.4777, 0, 0, 1, 2, 0.0047466754913330078, 0.00024008750915527344, 0.00089430809020996094, 0.00027132034301757812, 1.6689300537109375e-05, 0, 0.00071477890014648438, 0.0026094913482666016, 0.00090339029030891103, 0.0005582224154894737, 0.0003451678748194375, 2173, 2193, 5.64781, 0.522934, 1.92358, 0.570468, 1.07954, 0.000825405, 1.54005, 0.0104086, 
usi,500,300,10,0.000070,2,0,1,1,1,12, 70.2799, 0.0538831, 70.0533, 0, 0, 1, 2, 0.010583639144897461, 0.00065755844116210938, 0.0018117427825927734, 0.00069189071655273438, 1.621246337890625e-05, 0, 0.0016508102416992188, 0.0057554244995117188, 0.18500596555184937, 0.18458889453974942, 0.00041707101209996857, 12010, 12032, 69.4591, 7.85718, 21.4506, 8.20598, 12.3793, 0.00448203, 19.5275, 0.0341382, 
usi,500,300,00,0.000010,2,0,1,1,1,10, 12.4471, 0.0479798, 12.2353, 0, 0, 1, 2, 0.0107269287109375, 0.00067949295043945312, 0.0018475055694580078, 0.00068378448486328125, 1.6927719116210938e-05, 0, 0.0016574859619140625, 0.0058417320251464844, 0.00066851189102925374, 0.00033816701809332106, 0.00033034487293593257, 1998, 2018, 11.8019, 1.34291, 3.70959, 1.35522, 2.05981, 0.000782967, 3.30955, 0.024051, 
usi,1000,600,04,0.000003,2,0,1,1,1,10, 79.5656, 0.191329, 77.9129, 0, 0, 1, 2, 0.027719497680664062, 0.0020689964294433594, 0.0042619705200195312, 0.0020284652709960938, 1.7404556274414062e-05, 0, 0.0044960975646972656, 0.014846563339233398, 0.10335648578511566, 0.10226775411001852, 0.0010887316750971569, 4816, 4836, 73.6016, 9.89486, 20.75, 9.73697, 11.4941, 0.00522733, 21.6443, 0.076066, 
usi,1000,600,02,0.000009,2,0,1,1,1,10, 105.424, 0.192735, 103.793, 0, 0, 1, 2, 0.028848171234130859, 0.0020513534545898438, 0.0043063163757324219, 0.0021953582763671875, 1.8835067749023438e-05, 0, 0.0048809051513671875, 0.015395402908325195, 0.03899268443570171, 0.038608416802905943, 0.00038426763279578256, 6670, 6690, 101.74, 13.694, 28.6565, 13.4023, 15.9139, 0.00740981, 29.9861, 0.0793884, 
usi,250,150,00,0.000006,2,0,1,1,1,10, 79.6554, 0.0125573, 50.7415, 0, 0, 1, 2, 0.0046823024749755859, 0.00025153160095214844, 0.00087904930114746094, 0.00026369094848632812, 1.5974044799804688e-05, 0, 0.00071382522583007812, 0.0025582313537597656, 0.00049775404386637732, 0.00023612024973089258, 0.00026163379413548474, 654, 674, 1.74839, 0.162735, 0.601238, 0.170177, 0.327012, 0.000259638, 0.477674, 0.0092926, 
usi,500,300,10,0.000002,2,0,1,1,1,10, 6.89161, 0.0484393, 6.06489, 0, 0, 1, 2, 0.010555267333984375, 0.00066709518432617188, 0.0018804073333740234, 0.00068807601928710938, 1.6450881958007812e-05, 0, 0.0016016960144042969, 0.0057015419006347656, 0.17476446963761086, 0.16693856003800689, 0.007825909599603921, 821, 841, 4.84314, 0.550721, 1.54067, 0.554734, 0.84111, 0.000318289, 1.33285, 0.0227382, 
usi,250,150,00,0.000080,2,0,1,1,1,10, 97.7523, 0.0126507, 66.2043, 0, 0, 1, 2, 0.0047571659088134766, 0.00024271011352539062, 0.00089311599731445312, 0.0002651214599609375, 1.5735626220703125e-05, 0, 0.00072693824768066406, 0.0026135444641113281, 0.0011622612600682473, 0.0010759662597300849, 8.6295000338162576e-05, 3581, 3601, 9.32416, 0.861432, 3.16982, 0.927978, 1.77532, 0.00136161, 2.57673, 0.0115216, 
usi,250,150,04,0.000030,2,0,1,1,1,10, 46.8713, 0.0128891, 32.8398, 0, 0, 1, 2, 0.0047903060913085938, 0.00024271011352539062, 0.00093150138854980469, 0.00026392936706542969, 1.6689300537109375e-05, 0, 0.0007266998291015625, 0.0026087760925292969, 0.10328812617714148, 0.10135745059359653, 0.0019306755835449482, 3105, 3125, 8.04572, 0.746368, 2.74094, 0.799428, 1.50977, 0.00118947, 2.23682, 0.0112026, 
usi,250,150,10,0.000080,2,0,1,1,1,10, 23.1554, 0.0122006, 23.0755, 0, 0, 1, 2, 0.0047047138214111328, 0.00024318695068359375, 0.00087285041809082031, 0.000263214111328125, 1.621246337890625e-05, 0, 0.00072312355041503906, 0.0025861263275146484, 0.1838165031594538, 0.18250746200547746, 0.0013090411539763633, 8806, 8826, 22.6787, 2.10934, 7.61606, 2.27816, 4.37221, 0.00329089, 6.284, 0.0156596, 
usi,500,300,04,0.000090,2,0,1,1,1,13, 78.1344, 0.055563, 77.0844, 0, 0, 1, 2, 0.010489225387573242, 0.00066232681274414062, 0.0017879009246826172, 0.00067949295043945312, 1.621246337890625e-05, 0, 0.0016238689422607422, 0.0057194232940673828, 0.10445938519009652, 0.10412457687777732, 0.0003348083123192343, 13010, 13033, 75.2391, 8.58589, 23.2321, 8.79191, 13.4191, 0.00495172, 21.1689, 0.0362289, 
usi,500,300,02,0.000030,2,0,1,1,1,10, 61.301, 0.0495324, 60.4317, 0, 0, 1, 2, 0.010496139526367188, 0.00066065788269042969, 0.0018327236175537109, 0.00068235397338867188, 1.6927719116210938e-05, 0, 0.0016450881958007812, 0.0056583881378173828, 0.039258262775334486, 0.038898451115502587, 0.00035981165983190122, 10010, 10030, 58.06, 6.55549, 18.2245, 6.70103, 10.257, 0.00374556, 16.2883, 0.0299795, 
usi,250,150,00,0.000060,2,0,1,1,1,10, 88.8696, 0.0127616, 58.9928, 0, 0, 1, 2, 0.0047760009765625, 0.00024461746215820312, 0.00089287757873535156, 0.00026631355285644531, 1.5974044799804688e-05, 0, 0.00073361396789550781, 0.0026226043701171875, 0.0011334978194226472, 0.0010184312964648425, 0.00011506652295780468, 3258, 3278, 8.4973, 0.786338, 2.88325, 0.847016, 1.61858, 0.0012548, 2.34955, 0.0113218, 
usi,500,300,00,0.000080,2,0,1,1,1,10, 58.5866, 0.0478101, 58.38, 0, 0, 1, 2, 0.010530471801757812, 0.00066709518432617188, 0.0017926692962646484, 0.00069522857666015625, 1.621246337890625e-05, 0, 0.0016453266143798828, 0.0057139396667480469, 0.0011829520247442955, 0.0010963110215049534, 8.6641003239342374e-05, 10010, 10030, 57.9069, 6.62203, 17.8797, 6.76234, 10.3218, 0.00371265, 16.287, 0.0303073, 
usi,500,300,04,0.010000,2,0,1,1,1,15, 89.9892, 0.060725, 88.8966, 0, 0, 1, 2, 0.010754108428955078, 0.000713348388671875, 0.0017683506011962891, 0.00070953369140625, 2.9325485229492188e-05, 0, 0.0016779899597167969, 0.005855560302734375, 0.10477276606991105, 0.10477068656848298, 2.0795014280482782e-06, 15010, 15035, 86.6736, 9.8441, 27.4212, 10.1066, 14.7831, 0.00558138, 24.4733, 0.0396724, 
usi,250,150,02,0.000090,2,0,1,1,1,10, 73.4332, 0.0126894, 50.5063, 0, 0, 1, 2, 0.0047616958618164062, 0.00024247169494628906, 0.00089287757873535156, 0.00026345252990722656, 1.5974044799804688e-05, 0, 0.00073122978210449219, 0.0026156902313232422, 0.039743872448800378, 0.039515215417552457, 0.00022865703124792111, 4720, 4740, 12.2557, 1.1408, 4.16479, 1.22799, 2.29818, 0.00172186, 3.40962, 0.0126247, 
usi,500,300,00,0.000060,2,0,1,1,1,10, 60.4207, 0.0487573, 59.6109, 0, 0, 1, 2, 0.010357379913330078, 0.00065708160400390625, 0.0017921924591064453, 0.00067472457885742188, 1.6450881958007812e-05, 0, 0.0016143321990966797, 0.0056025981903076172, 0.0011541160907581687, 0.0010386385934883845, 0.00011547749726978379, 10010, 10030, 58.084, 6.59847, 18.2456, 6.70054, 10.268, 0.00363898, 16.2377, 0.0300653, 
usi,250,150,04,0.000070,2,0,1,1,1,10, 50.9556, 0.0131373, 39.5492, 0, 0, 1, 2, 0.0047650337219238281, 0.00024366378784179688, 0.00089621543884277344, 0.00026559829711914062, 1.5974044799804688e-05, 2.384185791015625e-07, 0.00073385238647460938, 0.0026094913482666016, 0.10453354397314882, 0.10347945469454885, 0.0010540892785999812, 7995, 8015, 20.693, 1.90991, 6.99288, 2.07901, 3.96117, 0.00296068, 5.73226, 0.0148594, 
usi,500,300,00,0.000008,2,0,1,1,1,10, 10.7976, 0.0486484, 10.4394, 0, 0, 1, 2, 0.010670900344848633, 0.00066590309143066406, 0.0018460750579833984, 0.00067257881164550781, 1.5974044799804688e-05, 0, 0.0016837120056152344, 0.0057866573333740234, 0.00059834660913448605, 0.00029952431691959724, 0.00029882229221488865, 1621, 1641, 9.48642, 1.07987, 3.0106, 1.08531, 1.60236, 0.00064826, 2.68394, 0.0236909, 
usi,1000,600,00,0.000040,2,0,1,1,1,10, 159.876, 0.190828, 155.692, 0, 0, 1, 2, 0.027776241302490234, 0.0020635128021240234, 0.0043025016784667969, 0.0020236968994140625, 1.71661376953125e-05, 0, 0.0044839382171630859, 0.014885425567626953, 0.0011105299198545622, 0.00090506450448583973, 0.00020546541536872265, 10010, 10030, 153.555, 20.6423, 43.5388, 20.1806, 23.9419, 0.010838, 45.1572, 0.0836143, 
usi,250,150,02,0.000010,2,0,1,1,1,10, 85.424, 0.0127504, 56.4815, 0, 0, 1, 2, 0.0048551559448242188, 0.00024485588073730469, 0.00090765953063964844, 0.00026631355285644531, 1.6450881958007812e-05, 0, 0.00073909759521484375, 0.0026807785034179688, 0.038255368854626146, 0.037016280463891368, 0.0012390883907347748, 1234, 1254, 3.23911, 0.299489, 1.10873, 0.319781, 0.600707, 0.000473022, 0.900123, 0.00980449, 
usi,500,300,02,0.000004,2,0,1,1,1,10, 10.8485, 0.0485444, 10.0161, 0, 0, 1, 2, 0.010579586029052734, 0.00066208839416503906, 0.0018336772918701172, 0.00068783760070800781, 1.7404556274414062e-05, 0, 0.0016617774963378906, 0.0057168006896972656, 0.038099646118807097, 0.037314612062220226, 0.00078503405658686821, 1476, 1496, 8.80802, 0.97576, 2.84669, 0.993833, 1.51926, 0.000561953, 2.44831, 0.0235968, 
usi,250,150,00,0.000040,2,0,1,1,1,10, 67.2602, 0.0127487, 44.9224, 0, 0, 1, 2, 0.0047652721405029297, 0.00024533271789550781, 0.00089502334594726562, 0.00026965141296386719, 1.5974044799804688e-05, 0, 0.0007171630859375, 0.0026221275329589844, 0.0010759709373826531, 0.00090337284107481434, 0.00017259809630783884, 3086, 3106, 8.02007, 0.750921, 2.72262, 0.808776, 1.5348, 0.00116587, 2.19058, 0.0112104, 
usi,250,150,04,0.000001,2,0,1,1,1,10, 49.2225, 0.0125041, 34.2255, 0, 0, 1, 2, 0.0047979354858398438, 0.00024580955505371094, 0.00092601776123046875, 0.00026464462280273438, 1.5974044799804688e-05, 2.384185791015625e-07, 0.00072908401489257812, 0.0026161670684814453, 0.085862834702306351, 0.0806064999705767, 0.0052563347317296574, 239, 259, 0.683421, 0.0611689, 0.241322, 0.0632184, 0.11873, 0.000104904, 0.189915, 0.00896168, 
usi,500,300,04,0.000010,2,0,1,1,1,10, 37.0548, 0.0492501, 33.3115, 0, 0, 1, 2, 0.010518074035644531, 0.00066375732421875, 0.0018012523651123047, 0.00069189071655273438, 1.6450881958007812e-05, 0, 0.0016484260559082031, 0.0056962966918945312, 0.10271497805168825, 0.10131147643118207, 0.001403501620506167, 4605, 4625, 26.7401, 3.05777, 8.25361, 3.1123, 4.74967, 0.00177979, 7.53848, 0.0264637, 
usi,250,150,04,0.000020,2,0,1,1,1,10, 82.3905, 0.012902, 54.969, 0, 0, 1, 2, 0.0047771930694580078, 0.00024437904357910156, 0.00090193748474121094, 0.00026869773864746094, 1.5974044799804688e-05, 2.384185791015625e-07, 0.00072932243347167969, 0.0026166439056396484, 0.10238680592545293, 0.099842901006962068, 0.0025439049184908451, 2249, 2269, 5.90044, 0.550189, 1.99731, 0.59066, 1.12043, 0.000884056, 1.63045, 0.0105085, 
usi,1000,600,10,0.000002,2,0,1,1,1,10, 84.1177, 0.192153, 82.3364, 0, 0, 1, 2, 0.02859950065612793, 0.0021126270294189453, 0.0043811798095703125, 0.0021305084228515625, 1.811981201171875e-05, 0, 0.0046420097351074219, 0.015315055847167969, 0.18200957469748891, 0.17889566994236483, 0.003113904755124062, 5176, 5196, 79.7859, 10.6636, 22.3786, 10.5914, 12.6639, 0.00572705, 23.4046, 0.078069, 
usi,250,150,02,0.000008,2,0,1,1,1,10, 102.797, 0.0131147, 68.987, 0, 0, 1, 2, 0.0047848224639892578, 0.00024247169494628906, 0.00089406967163085938, 0.00026369094848632812, 1.5735626220703125e-05, 0, 0.00072622299194335938, 0.0026426315307617188, 0.037959571103614087, 0.036539963075684259, 0.001419608027929832, 1014, 1034, 2.66759, 0.247762, 0.912905, 0.263478, 0.492049, 0.000387669, 0.741519, 0.00949049, 
usi,1000,600,00,0.000050,2,0,1,1,1,11, 173.008, 0.201829, 171.808, 0, 0, 1, 2, 0.027840137481689453, 0.0020730495452880859, 0.004268646240234375, 0.0020618438720703125, 1.6450881958007812e-05, 2.384185791015625e-07, 0.0045173168182373047, 0.014902591705322266, 0.0011437168520912922, 0.00098843193207567414, 0.00015528492001561867, 11010, 11031, 170.612, 22.7872, 47.5233, 22.6541, 27.6183, 0.0115719, 49.9292, 0.0887394, 
usi,250,150,00,0.000005,2,0,1,1,1,10, 80.7218, 0.012547, 52.3615, 0, 0, 1, 2, 0.004756927490234375, 0.00025153160095214844, 0.00089287757873535156, 0.00026440620422363281, 1.5974044799804688e-05, 0, 0.00072836875915527344, 0.0026037693023681641, 0.000452046348460325, 0.0002120225893681615, 0.00024002375909216349, 587, 607, 1.58084, 0.145454, 0.545908, 0.153404, 0.287319, 0.000245094, 0.439265, 0.00924778, 
usi,250,150,10,0.000005,2,0,1,1,1,10, 78.0827, 0.0126362, 55.9112, 0, 0, 1, 2, 0.0046873092651367188, 0.00024485588073730469, 0.00087642669677734375, 0.00026369094848632812, 1.5974044799804688e-05, 0, 0.00072693824768066406, 0.0025594234466552734, 0.17020725352737559, 0.16025052526238284, 0.0099567282649927306, 530, 550, 1.42622, 0.131841, 0.488017, 0.138854, 0.259849, 0.000217199, 0.398237, 0.00920129, 
usi,250,150,02,0.000007,2,0,1,1,1,10, 131.422, 0.0130374, 84.7705, 0, 0, 1, 2, 0.0047762393951416016, 0.0002422332763671875, 0.00088143348693847656, 0.0002613067626953125, 1.5735626220703125e-05, 2.384185791015625e-07, 0.00073027610778808594, 0.0026450157165527344, 0.037761500474164704, 0.036211883352063726, 0.0015496171221009766, 998, 1018, 2.62448, 0.242046, 0.889483, 0.257761, 0.496464, 0.000365973, 0.728813, 0.00954413, 
usi,1000,600,00,0.000002,2,0,1,1,1,10, 27.4596, 0.190197, 26.3715, 0, 0, 1, 2, 0.028696298599243164, 0.0021467208862304688, 0.0044109821319580078, 0.0021045207977294922, 1.7404556274414062e-05, 0, 0.0045366287231445312, 0.01548004150390625, 0.00030562939819243071, 0.00015112686742337956, 0.00015450253076905113, 1610, 1630, 25.0352, 3.37735, 7.14696, 3.24525, 3.97505, 0.0017972, 7.21405, 0.0747318, 
usi,500,300,02,0.000002,2,0,1,1,1,10, 7.90594, 0.048099, 7.02589, 0, 0, 1, 2, 0.010607242584228516, 0.0006694793701171875, 0.0017998218536376953, 0.00069737434387207031, 1.6450881958007812e-05, 0, 0.0016484260559082031, 0.0057756900787353516, 0.037416796000635404, 0.03616974921565505, 0.0012470467849803484, 940, 960, 5.57778, 0.632795, 1.73671, 0.641864, 0.97157, 0.00036931, 1.57127, 0.0232008, 
usi,1000,600,02,0.000008,2,0,1,1,1,10, 93.4998, 0.191018, 92.5452, 0, 0, 1, 2, 0.027722358703613281, 0.0020868778228759766, 0.0042939186096191406, 0.0020315647125244141, 1.6927719116210938e-05, 0, 0.0044207572937011719, 0.014872312545776367, 0.038947926927884846, 0.038571911471023589, 0.00037601545686126236, 5972, 5992, 91.6991, 12.4177, 25.9714, 12.0507, 14.6778, 0.00684786, 26.4964, 0.0783331, 
usi,250,150,00,0.000004,2,0,1,1,1,10, 87.4439, 0.0125773, 56.9769, 0, 0, 1, 2, 0.0047032833099365234, 0.00024271011352539062, 0.00090312957763671875, 0.00026011466979980469, 1.5020370483398438e-05, 2.384185791015625e-07, 0.0007266998291015625, 0.0025553703308105469, 0.00040120210440574124, 0.00018507136135392644, 0.00021613074305181472, 483, 503, 1.50595, 0.120421, 0.647723, 0.126402, 0.23763, 0.000194073, 0.364447, 0.00913453, 
usi,500,300,00,0.001000,2,0,1,1,1,17, 103.357, 0.0662289, 101.802, 0, 0, 1, 2, 0.010562896728515625, 0.00067281723022460938, 0.0018441677093505859, 0.0006847381591796875, 1.621246337890625e-05, 0, 0.0015995502471923828, 0.0057454109191894531, 0.0012629412867711863, 0.0012543544472546782, 8.5868395165006679e-06, 17010, 17037, 98.8197, 11.3249, 31.2238, 11.5251, 17.5301, 0.00644469, 27.1655, 0.0438197, 
usi,500,300,02,0.000100,2,0,1,1,1,11, 66.858, 0.0507092, 65.1269, 0, 0, 1, 2, 0.010492324829101562, 0.00065255165100097656, 0.0018713474273681641, 0.00067400932312011719, 1.5497207641601562e-05, 0, 0.0016267299652099609, 0.0056521892547607422, 0.039510066138949945, 0.039402060360038016, 0.00010800577891193024, 10706, 10727, 62.3539, 7.03714, 19.5969, 7.19585, 10.9885, 0.00404954, 17.4995, 0.0319681, 
usi,500,300,02,0.000003,2,0,1,1,1,10, 10.2606, 0.0486028, 9.46186, 0, 0, 1, 2, 0.010641574859619141, 0.00066232681274414062, 0.0018064975738525391, 0.00068759918212890625, 1.6927719116210938e-05, 0, 0.0016508102416992188, 0.005817413330078125, 0.037853843877170411, 0.036921286872567335, 0.00093255700460308428, 1247, 1267, 7.31412, 0.826756, 2.27689, 0.835074, 1.28856, 0.00048852, 2.063, 0.0233443, 
usi,250,150,04,0.000004,2,0,1,1,1,10, 29.1903, 0.01262, 19.5722, 0, 0, 1, 2, 0.0048656463623046875, 0.00024437904357910156, 0.00088000297546386719, 0.00027346611022949219, 1.621246337890625e-05, 2.384185791015625e-07, 0.00078725814819335938, 0.0026640892028808594, 0.09520778810218776, 0.088569384723272762, 0.0066384033789149977, 532, 552, 1.43047, 0.131809, 0.487647, 0.138567, 0.265866, 0.000209332, 0.397171, 0.00920105, 
usi,250,150,00,0.000001,2,0,1,1,1,10, 75.6141, 0.0131006, 47.7067, 0, 0, 1, 2, 0.0048022270202636719, 0.00024557113647460938, 0.00090074539184570312, 0.00026416778564453125, 1.6689300537109375e-05, 0, 0.00075888633728027344, 0.0026161670684814453, 0.00018270363280408297, 7.1103081211680813e-05, 0.00011160055159240214, 270, 290, 0.761452, 0.0690346, 0.266345, 0.071269, 0.133571, 0.000112772, 0.212111, 0.0090096, 
usi,500,300,10,0.000080,2,0,1,1,1,11, 65.3959, 0.0511072, 64.8208, 0, 0, 1, 2, 0.010389566421508789, 0.00065660476684570312, 0.0018038749694824219, 0.00067615509033203125, 1.621246337890625e-05, 0, 0.0015835762023925781, 0.0056531429290771484, 0.18505780946543654, 0.18469192001073834, 0.00036588945469821435, 11010, 11031, 63.5601, 7.26224, 20.0697, 7.4091, 11.2762, 0.00423098, 17.5068, 0.0318263, 
usi,250,150,10,0.000010,2,0,1,1,1,10, 80.846, 0.0130184, 51.7006, 0, 0, 1, 2, 0.0049157142639160156, 0.00024175643920898438, 0.00098919868469238281, 0.00026154518127441406, 1.621246337890625e-05, 0, 0.00077176094055175781, 0.0026352405548095703, 0.17608868303348021, 0.16904228258201465, 0.007046400451465591, 997, 1017, 2.62102, 0.242833, 0.889284, 0.260802, 0.485512, 0.000384569, 0.732696, 0.00950933, 
usi,250,150,00,0.000007,2,0,1,1,1,10, 103.104, 0.0133686, 71.9683, 0, 0, 1, 2, 0.0047581195831298828, 0.00024724006652832031, 0.00090169906616210938, 0.00026965141296386719, 1.5735626220703125e-05, 0, 0.00071978569030761719, 0.0026040077209472656, 0.00053958657952185725, 0.0002581590930111598, 0.0002814274865106974, 646, 666, 1.7366, 0.16167, 0.595847, 0.1716, 0.323372, 0.000257969, 0.474584, 0.00926805, 
usi,1000,600,02,0.000004,2,0,1,1,1,10, 53.096, 0.192024, 52.1778, 0, 0, 1, 2, 0.02770543098449707, 0.0020668506622314453, 0.0042474269866943359, 0.0020475387573242188, 1.6689300537109375e-05, 0, 0.0044786930084228516, 0.014848232269287109, 0.038695084080579097, 0.03833021692622559, 0.0003648671543535015, 3336, 3356, 51.2464, 6.88375, 14.3587, 6.74984, 8.12519, 0.00361967, 15.0501, 0.075181, 
usi,500,300,10,0.000060,2,0,1,1,1,10, 62.2765, 0.0490687, 61.1392, 0, 0, 1, 2, 0.010304927825927734, 0.00065946578979492188, 0.001800537109375, 0.00067090988159179688, 1.5735626220703125e-05, 0, 0.0015804767608642578, 0.0055778026580810547, 0.18493904181579573, 0.18444124333154766, 0.00049779848424807765, 10010, 10030, 57.7286, 6.5447, 18.3276, 6.66521, 10.2655, 0.00378966, 15.8917, 0.0301464, 
usi,500,300,04,0.000100,2,0,1,1,1,11, 65.2489, 0.0509267, 64.9127, 0, 0, 1, 2, 0.010617733001708984, 0.00066304206848144531, 0.0018193721771240234, 0.00067949295043945312, 1.6450881958007812e-05, 0, 0.0016641616821289062, 0.0057752132415771484, 0.10449284367136363, 0.10418426017787494, 0.00030858349348871232, 11010, 11031, 63.7207, 7.27488, 19.6454, 7.4096, 11.302, 0.00414109, 18.0527, 0.0320284, 
usi,500,300,10,0.000006,2,0,1,1,1,10, 14.825, 0.0492792, 14.6119, 0, 0, 1, 2, 0.010632038116455078, 0.00066447257995605469, 0.0017995834350585938, 0.00068998336791992188, 1.621246337890625e-05, 0, 0.0016663074493408203, 0.0057954788208007812, 0.18101585627786049, 0.17718361570251689, 0.0038322405753435595, 2403, 2423, 14.0297, 1.59124, 4.33552, 1.63539, 2.47583, 0.000940323, 3.96656, 0.0241733, 
usi,250,150,10,0.000006,2,0,1,1,1,10, 65.9755, 0.0127125, 41.1713, 0, 0, 1, 2, 0.0047714710235595703, 0.00024294853210449219, 0.00088357925415039062, 0.00026226043701171875, 1.5974044799804688e-05, 0, 0.00072431564331054688, 0.0026423931121826172, 0.17195169249860454, 0.16277180209096742, 0.0091798904076371285, 622, 642, 1.66374, 0.152565, 0.567441, 0.161203, 0.311389, 0.000252008, 0.461629, 0.00926375, 
usi,500,300,02,0.000500,2,0,1,1,1,19, 110.409, 0.0705693, 109.244, 0, 0, 1, 2, 0.010672807693481445, 0.00066590309143066406, 0.0017955303192138672, 0.00070023536682128906, 1.6450881958007812e-05, 0, 0.0016481876373291016, 0.0058465003967285156, 0.039596398962850957, 0.039574729426114362, 2.1669536736594276e-05, 18401, 18430, 106.572, 12.1325, 32.916, 12.4352, 19.0187, 0.00719738, 30.0152, 0.0475826, 
usi,250,150,00,0.000003,2,0,1,1,1,10, 70.8061, 0.0124431, 46.4412, 0, 0, 1, 2, 0.0046789646148681641, 0.00024318695068359375, 0.00087952613830566406, 0.0002651214599609375, 1.6450881958007812e-05, 2.384185791015625e-07, 0.00072693824768066406, 0.0025475025177001953, 0.00034306138250270071, 0.00015481664922008449, 0.00018824473328261622, 464, 484, 1.26054, 0.115491, 0.431913, 0.121261, 0.23316, 0.000183344, 0.349449, 0.00908399, 
usi,250,150,00,0.000090,2,0,1,1,1,10, 100.008, 0.0128698, 67.8485, 0, 0, 1, 2, 0.0047380924224853516, 0.0002460479736328125, 0.00090289115905761719, 0.00025892257690429688, 1.5735626220703125e-05, 2.384185791015625e-07, 0.00072193145751953125, 0.0025923252105712891, 0.0011718490759269524, 0.0010951283849644337, 7.6720690962518712e-05, 3537, 3557, 9.16727, 0.859028, 3.11628, 0.921277, 1.75043, 0.00133657, 2.50747, 0.011445, 
usi,250,150,10,0.000040,2,0,1,1,1,10, 13.6089, 0.012368, 13.5366, 0, 0, 1, 2, 0.0047838687896728516, 0.00024485588073730469, 0.00093317031860351562, 0.00025987625122070312, 1.6689300537109375e-05, 0, 0.00073289871215820312, 0.0025963783264160156, 0.18251058181117941, 0.17992510876131868, 0.0025854730498607536, 5106, 5126, 13.2103, 1.23265, 4.4922, 1.32143, 2.47247, 0.00196695, 3.67682, 0.0127566, 
usi,250,150,10,0.000050,2,0,1,1,1,10, 20.4238, 0.0129766, 19.5431, 0, 0, 1, 2, 0.0047478675842285156, 0.00024127960205078125, 0.00089144706726074219, 0.00026750564575195312, 1.6450881958007812e-05, 0, 0.0007305145263671875, 0.0026006698608398438, 0.18303108235948518, 0.18093699712949796, 0.0020940852299872349, 6863, 6883, 17.7858, 1.63, 6.02415, 1.77944, 3.39621, 0.00253224, 4.93943, 0.0140071, 
usi,250,150,00,0.000050,2,0,1,1,1,10, 86.8683, 0.0131192, 58.1901, 0, 0, 1, 2, 0.0046894550323486328, 0.00024700164794921875, 0.00087404251098632812, 0.00025773048400878906, 1.5974044799804688e-05, 0, 0.00071430206298828125, 0.0025804042816162109, 0.001110487065759115, 0.0009724214515349261, 0.00013806561422418856, 3239, 3259, 8.36242, 0.780153, 2.8535, 0.832277, 1.56136, 0.00116539, 2.32275, 0.011209, 
usi,250,150,10,0.000030,2,0,1,1,1,10, 9.97161, 0.0126736, 9.52596, 0, 0, 1, 2, 0.0047249794006347656, 0.00024056434631347656, 0.00089263916015625, 0.00026392936706542969, 1.5497207641601562e-05, 0, 0.00072765350341796875, 0.0025846958160400391, 0.18166189904433194, 0.1783275554738013, 0.0033343435705306505, 3184, 3204, 8.28184, 0.762767, 2.81033, 0.827851, 1.57523, 0.0012424, 2.29325, 0.0111792, 
usi,250,150,10,0.000009,2,0,1,1,1,10, 69.6444, 0.0130777, 45.0913, 0, 0, 1, 2, 0.0047523975372314453, 0.00024199485778808594, 0.0009002685546875, 0.00026273727416992188, 1.5735626220703125e-05, 0, 0.00073385238647460938, 0.002597808837890625, 0.17532398160700599, 0.16785368104773443, 0.0074703005592715492, 899, 919, 2.38331, 0.21771, 0.819924, 0.233201, 0.439915, 0.000351429, 0.662719, 0.00949407, 
usi,500,300,10,0.000008,2,0,1,1,1,10, 22.0031, 0.0486887, 21.7126, 0, 0, 1, 2, 0.010653972625732422, 0.00066351890563964844, 0.0018408298492431641, 0.00068449974060058594, 1.621246337890625e-05, 0, 0.0016701221466064453, 0.0057787895202636719, 0.18200757905618961, 0.17892599365946171, 0.0030815853967279304, 3630, 3650, 21.2126, 2.38959, 6.65406, 2.45522, 3.7361, 0.00135946, 5.95113, 0.0251162, 
usi,250,150,00,0.001000,2,0,1,1,1,10, 117.711, 0.0128436, 84.0624, 0, 0, 1, 2, 0.0047311782836914062, 0.00024533271789550781, 0.00086236000061035156, 0.00026631355285644531, 1.6450881958007812e-05, 0, 0.0007305145263671875, 0.0026102066040039062, 0.0012416483621052259, 0.0012347400416333693, 6.9083204718574716e-06, 8974, 8994, 23.1917, 2.17593, 7.76003, 2.33524, 4.44618, 0.00341916, 6.45519, 0.0157192, 
usi,250,150,02,0.000001,2,0,1,1,1,10, 91.1602, 0.0130739, 58.9049, 0, 0, 1, 2, 0.0047688484191894531, 0.00024271011352539062, 0.00089240074157714844, 0.00026345252990722656, 1.5974044799804688e-05, 0, 0.000732421875, 0.0026218891143798828, 0.032394720599499174, 0.029048053137982106, 0.0033466674615170691, 301, 321, 0.845157, 0.0757821, 0.299014, 0.0786588, 0.148827, 0.0001266, 0.233777, 0.00897145, 
usi,500,300,00,0.000007,2,0,1,1,1,10, 11.9121, 0.0478442, 10.9423, 0, 0, 1, 2, 0.010655879974365234, 0.00067186355590820312, 0.0018467903137207031, 0.00069117546081542969, 1.621246337890625e-05, 2.384185791015625e-07, 0.0016086101531982422, 0.0058209896087646484, 0.0005596410987573874, 0.0002785989712805875, 0.00028104212747679985, 1578, 1598, 9.24164, 1.05784, 2.94011, 1.06542, 1.61869, 0.00062561, 2.53501, 0.0239546, 
usi,500,300,04,0.000004,2,0,1,1,1,10, 17.9489, 0.0493994, 15.9645, 0, 0, 1, 2, 0.010432243347167969, 0.000659942626953125, 0.0018427371978759766, 0.00067448616027832031, 1.621246337890625e-05, 0, 0.00159454345703125, 0.0056443214416503906, 0.10087999246063588, 0.098084225731390695, 0.0027957667292451893, 2120, 2140, 12.3309, 1.3971, 3.93555, 1.41465, 2.17687, 0.000809431, 3.38163, 0.0242615, 
usi,250,150,04,0.010000,2,0,1,1,1,23, 103.381, 0.0210195, 87.6956, 0, 0, 1, 2, 0.0048992633819580078, 0.000240325927734375, 0.00090527534484863281, 0.00026226043701171875, 1.6450881958007812e-05, 2.384185791015625e-07, 0.00076889991760253906, 0.0027058124542236328, 0.10562094769251873, 0.10561342926553194, 7.5184269867409092e-06, 21447, 21480, 55.0055, 5.14875, 18.5686, 5.53749, 10.3499, 0.00803137, 15.3614, 0.0314376, 
usi,250,150,04,0.000002,2,0,1,1,1,10, 50.7743, 0.0129559, 33.726, 0, 0, 1, 2, 0.0047659873962402344, 0.00024294853210449219, 0.00089573860168457031, 0.00026655197143554688, 1.621246337890625e-05, 0, 0.00073027610778808594, 0.0026142597198486328, 0.090246516885728115, 0.083043211726292782, 0.0072033051594353418, 298, 318, 0.832123, 0.0746727, 0.289665, 0.0784094, 0.14982, 0.000123739, 0.230461, 0.0089705, 
usi,500,300,10,0.001000,2,0,1,1,1,14, 82.0308, 0.0580881, 81.7844, 0, 0, 1, 2, 0.010525941848754883, 0.00066328048706054688, 0.0018382072448730469, 0.00067162513732910156, 1.621246337890625e-05, 0, 0.0016090869903564453, 0.0057275295257568359, 0.18539067322632663, 0.18536202087150866, 2.8652354817986525e-05, 14010, 14034, 80.8665, 9.18535, 25.5981, 9.34388, 14.4182, 0.00550008, 22.2777, 0.0376801, 
usi,500,300,04,0.000008,2,0,1,1,1,10, 20.2157, 0.0475569, 19.9869, 0, 0, 1, 2, 0.010519981384277344, 0.00066876411437988281, 0.0018105506896972656, 0.00068020820617675781, 1.6450881958007812e-05, 0, 0.0016570091247558594, 0.0056869983673095703, 0.1023766688162039, 0.10073840423332842, 0.0016382645828754829, 3382, 3402, 19.5844, 2.24816, 6.20612, 2.25373, 3.32421, 0.0012815, 5.52609, 0.0247808, 
usi,1000,600,10,0.000100,2,0,1,1,1,15, 234.835, 0.247948, 233.434, 0, 0, 1, 2, 0.027775764465332031, 0.0020639896392822266, 0.0042340755462646484, 0.0020329952239990234, 1.6689300537109375e-05, 0, 0.0045189857482910156, 0.014909029006958008, 0.18537495662196296, 0.18528731188526287, 8.7644736700076163e-05, 15010, 15035, 231.747, 30.8035, 64.587, 30.2866, 37.7166, 0.0146277, 68.2328, 0.105516, 
usi,500,300,02,0.000060,2,0,1,1,1,10, 59.3474, 0.0479851, 59.0343, 0, 0, 1, 2, 0.010471343994140625, 0.00066709518432617188, 0.0018391609191894531, 0.00067806243896484375, 1.5735626220703125e-05, 2.384185791015625e-07, 0.0016312599182128906, 0.0056397914886474609, 0.039438127190707814, 0.039257110419304603, 0.00018101677140321324, 10010, 10030, 58.5267, 6.66234, 18.3908, 6.75351, 10.287, 0.00384045, 16.399, 0.030144, 
usi,250,150,10,0.000004,2,0,1,1,1,10, 45.9937, 0.0125473, 29.1181, 0, 0, 1, 2, 0.0047776699066162109, 0.00024557113647460938, 0.00088047981262207031, 0.0002918243408203125, 1.5735626220703125e-05, 0, 0.00072956085205078125, 0.0026144981384277344, 0.16788600694662478, 0.15706193652489064, 0.010824070421734175, 412, 432, 1.11386, 0.102854, 0.3789, 0.108503, 0.202327, 0.000163794, 0.312021, 0.00908756, 
usi,500,300,00,0.000005,2,0,1,1,1,10, 47.7825, 0.0493302, 34.2047, 0, 0, 1, 2, 0.010657787322998047, 0.00068521499633789062, 0.0018050670623779297, 0.00068545341491699219, 1.5974044799804688e-05, 0, 0.0016715526580810547, 0.005794525146484375, 0.00047214145555649794, 0.00023213598638598766, 0.00024000546917051025, 1245, 1265, 7.2969, 0.829473, 2.26609, 0.831882, 1.28342, 0.000501871, 2.06181, 0.0237305, 
usi,250,150,02,0.010000,2,0,1,1,1,24, 101.613, 0.0225871, 83.4163, 0, 0, 1, 2, 0.00476837158203125, 0.00024366378784179688, 0.00089120864868164062, 0.00026464462280273438, 1.5735626220703125e-05, 0, 0.00072979927062988281, 0.0026233196258544922, 0.039970450361728534, 0.03996835577200656, 2.0945897219386664e-06, 19485, 19519, 50.1809, 4.68918, 17.0639, 5.04905, 9.41401, 0.00737834, 13.9268, 0.0306065, 
usi,250,150,04,0.000050,2,0,1,1,1,10, 45.6277, 0.0135667, 34.1443, 0, 0, 1, 2, 0.0047900676727294922, 0.00024914741516113281, 0.00088739395141601562, 0.00027012825012207031, 1.621246337890625e-05, 0, 0.00074219703674316406, 0.0026249885559082031, 0.10412554315493322, 0.10275086239383929, 0.0013746807610939315, 5187, 5207, 13.4825, 1.26476, 4.56788, 1.35812, 2.53869, 0.00193954, 3.73815, 0.0129366, 
usi,250,150,00,0.000070,2,0,1,1,1,10, 106.45, 0.0129147, 69.618, 0, 0, 1, 2, 0.0047473907470703125, 0.00024533271789550781, 0.00089859962463378906, 0.000263214111328125, 1.5974044799804688e-05, 0, 0.00071382522583007812, 0.0026104450225830078, 0.0011499340706294836, 0.0010513157670720542, 9.8618303557429122e-05, 3450, 3470, 8.96134, 0.839022, 3.05821, 0.894783, 1.71449, 0.00131845, 2.44209, 0.0114274, 
usi,500,300,10,0.000007,2,0,1,1,1,10, 18.0901, 0.0487363, 17.8727, 0, 0, 1, 2, 0.01046442985534668, 0.00065708160400390625, 0.0018227100372314453, 0.00067806243896484375, 1.5974044799804688e-05, 0, 0.0016026496887207031, 0.0056879520416259766, 0.18157404796679771, 0.17815815624740519, 0.0034158917193925012, 3027, 3047, 17.4905, 1.98203, 5.55144, 2.01888, 3.09839, 0.0011425, 4.81405, 0.0245614, 
usi,500,300,00,0.000500,2,0,1,1,1,16, 92.9463, 0.062367, 92.4077, 0, 0, 1, 2, 0.010562419891357422, 0.00067377090454101562, 0.0018270015716552734, 0.00068140029907226562, 1.6450881958007812e-05, 0, 0.0016539096832275391, 0.0057098865509033203, 0.0012556184626555207, 0.0012417569986799069, 1.3861463975610673e-05, 15784, 15810, 91.1299, 10.4824, 28.736, 10.626, 15.4691, 0.00601959, 25.7686, 0.041784, 
usi,250,150,04,0.000080,2,0,1,1,1,10, 90.5566, 0.0129077, 67.4985, 0, 0, 1, 2, 0.0048365592956542969, 0.00024366378784179688, 0.000888824462890625, 0.00026798248291015625, 2.1696090698242188e-05, 0, 0.0007419586181640625, 0.0026724338531494141, 0.1046667223805117, 0.10372406661422304, 0.00094265576628865322, 9340, 9360, 24.0692, 2.2397, 8.19044, 2.41628, 4.51969, 0.0035584, 6.68327, 0.0162172, 
usi,250,150,00,0.010000,2,0,1,1,1,25, 168.59, 0.0230727, 125.723, 0, 0, 1, 2, 0.0047786235809326172, 0.00024390220642089844, 0.00090885162353515625, 0.00025820732116699219, 1.5735626220703125e-05, 0, 0.00073337554931640625, 0.0026185512542724609, 0.0012478618504773767, 0.0012471534403623637, 7.0841011501505963e-07, 22627, 22662, 58.125, 5.42539, 19.7706, 5.81, 10.9206, 0.00817013, 16.1577, 0.0325284, 
usi,250,150,04,0.000007,2,0,1,1,1,10, 32.4706, 0.0125141, 21.945, 0, 0, 1, 2, 0.0047707557678222656, 0.00024437904357910156, 0.00088024139404296875, 0.00026535987854003906, 1.6689300537109375e-05, 0, 0.00072932243347167969, 0.0026347637176513672, 0.098495470830631093, 0.093420701094815595, 0.0050747697358155125, 922, 942, 2.45504, 0.225122, 0.837128, 0.242474, 0.461166, 0.000342369, 0.679375, 0.00942898, 
usi,500,300,02,0.000005,2,0,1,1,1,10, 11.4348, 0.04773, 11.0605, 0, 0, 1, 2, 0.010390281677246094, 0.00065851211547851562, 0.0017917156219482422, 0.00067758560180664062, 1.5735626220703125e-05, 0, 0.0016248226165771484, 0.0056219100952148438, 0.03826517694180355, 0.037562368659581749, 0.00070280828222180178, 1764, 1784, 10.3352, 1.17019, 3.24656, 1.1897, 1.79993, 0.000649929, 2.9047, 0.0235143, 
usi,250,150,02,0.000100,2,0,1,1,1,10, 71.103, 0.0127225, 50.955, 0, 0, 1, 2, 0.0048367977142333984, 0.00024533271789550781, 0.00088286399841308594, 0.00026345252990722656, 1.5974044799804688e-05, 2.384185791015625e-07, 0.00072765350341796875, 0.0027012825012207031, 0.039766735949256088, 0.039560963880626215, 0.00020577206862987019, 4887, 4907, 12.6951, 1.19111, 4.2681, 1.2731, 2.43668, 0.00190902, 3.51161, 0.0126121, 
usi,500,300,00,0.000006,2,0,1,1,1,10, 16.616, 0.0498161, 13.7649, 0, 0, 1, 2, 0.010611534118652344, 0.00067806243896484375, 0.0018150806427001953, 0.00069427490234375, 1.6927719116210938e-05, 0, 0.0016977787017822266, 0.0057094097137451172, 0.00051783632111572194, 0.00025626243067430177, 0.00026157389044142022, 1436, 1456, 8.40076, 0.949955, 2.66857, 0.962564, 1.40958, 0.000550747, 2.38588, 0.0236592, 
